Processing year 2000, season JAS
Reading data
shape of land mask
(492, 499)
Number of elements in W triangular:
5846490.0
Length of the parallelised arrays of w:
(182703,)
Computing the similarity matrix with the parallel loop
0
18270
36540
54810
73080
91350
109620
127890
146160
164430
182700
0
18270
36540
54810
73080
91350
109620
127890
146160
164430
182700
Number of elements in W triangular:
5846490.0
Length of the parallelised arrays of w:
(194883,)
Computing the similarity matrix with the parallel loop
0
18270
36540
54810
73080
91350
109620
127890
146160
164430
182700
0
19488
38976
58464
77952
97440
116928
136416
155904
175392
194880
0
18270
36540
54810
73080
91350
109620
127890
146160
164430
182700
0
19488
38976
58464
77952
97440
116928
136416
155904
175392
194880
0
18270
36540
54810
73080
91350
109620
127890
146160
164430
182700
0
19488
38976
58464
77952
97440
116928
136416
155904
175392
194880
0
18270
36540
54810
73080
91350
109620
127890
146160
164430
182700
0
19488
38976
58464
77952
97440
116928
136416
155904
175392
194880
0
18270
36540
54810
73080
91350
109620
127890
146160
164430
182700
0
19488
38976
58464
77952
97440
116928
136416
155904
175392
194880
0
18270
36540
54810
73080
91350
109620
127890
146160
164430
182700
0
19488
38976
58464
77952
97440
116928
136416
155904
175392
194880
0
18270
36540
54810
73080
91350
109620
127890
146160
164430
182700
0
19488
38976
58464
77952
97440
116928
136416
155904
175392
194880
0
18270
36540
54810
73080
91350
109620
127890
146160
164430
182700
0
19488
38976
58464
77952
97440
116928
136416
155904
175392
194880
0
18270
36540
54810
73080
91350
109620
127890
146160
164430
182700
0
19488
38976
58464
77952
97440
116928
136416
155904
175392
194880
0
18270
36540
54810
73080
91350
109620
127890
146160
164430
182700
0
19488
38976
58464
77952
97440
116928
136416
155904
175392
194880
0
18270
36540
54810
73080
91350
109620
127890
146160
164430
182700
0
19488
38976
58464
77952
97440
116928
136416
155904
175392
194880
0
18270
36540
54810
73080
91350
109620
127890
146160
164430
182700
0
19488
38976
58464
77952
97440
116928
136416
155904
175392
194880
0
18270
36540
54810
73080
91350
109620
127890
146160
164430
182700
0
19488
38976
58464
77952
97440
116928
136416
155904
175392
194880
0
18270
36540
54810
73080
91350
109620
127890
146160
164430
182700
0
19488
38976
58464
77952
97440
116928
136416
155904
175392
194880
0
18270
36540
54810
73080
91350
109620
127890
146160
164430
182700
0
19488
38976
58464
77952
97440
116928
136416
155904
175392
194880
0
18270
36540
54810
73080
91350
109620
127890
146160
164430
182700
0
19488
38976
58464
77952
97440
116928
136416
155904
175392
194880
0
18270
36540
54810
73080
91350
109620
127890
146160
164430
182700
0
19488
38976
58464
77952
97440
116928
136416
155904
175392
194880
0
18270
36540
54810
73080
91350
109620
127890
146160
164430
182700
0
19488
38976
58464
77952
97440
116928
136416
155904
175392
194880
0
18270
36540
54810
73080
91350
109620
127890
146160
164430
182700
0
19488
38976
58464
77952
97440
116928
136416
155904
175392
194880
0
18270
36540
54810
73080
91350
109620
127890
146160
164430
182700
0
19488
38976
58464
77952
97440
116928
136416
155904
175392
194880
0
18270
36540
54810
73080
91350
109620
127890
146160
164430
182700
0
19488
38976
58464
77952
97440
116928
136416
155904
175392
194880
0
18270
36540
54810
73080
91350
109620
127890
146160
164430
182700
0
19488
38976
58464
77952
97440
116928
136416
155904
175392
194880
0
18270
36540
54810
73080
91350
109620
127890
146160
164430
182700
0
19488
38976
58464
77952
97440
116928
136416
155904
175392
194880
0
18270
36540
54810
73080
91350
109620
127890
146160
164430
182700
0
19488
38976
58464
77952
97440
116928
136416
155904
175392
194880
0
18270
36540
54810
73080
91350
109620
127890
146160
164430
182700
0
19488
38976
58464
77952
97440
116928
136416
155904
175392
194880
0
18270
36540
54810
73080
91350
109620
127890
146160
164430
182700
0
19488
38976
58464
77952
97440
116928
136416
155904
175392
194880
0
18270
36540
54810
73080
91350
109620
127890
146160
164430
182700
0
19488
38976
58464
77952
97440
116928
136416
155904
175392
194880
0
18270
36540
54810
73080
91350
109620
127890
146160
164430
182700
0
19488
38976
58464
77952
97440
116928
136416
155904
175392
194880
0
18270
36540
54810
73080
91350
109620
127890
146160
164430
182700
0
19488
38976
58464
77952
97440
116928
136416
155904
175392
194880
0
18270
36540
54810
73080
91350
109620
127890
146160
164430
182700
0
19488
38976
58464
77952
97440
116928
136416
155904
175392
194880
