Processing year 2010, season JAS
Reading data
shape of land mask
(492, 499)
Number of elements in W triangular:
4604095.0
Length of the parallelised arrays of w:
(143878,)
Computing the similarity matrix with the parallel loop
0
14387
28774
43161
57548
71935
86322
100709
115096
129483
143870
0
14387
28774
43161
57548
71935
86322
100709
115096
129483
143870
Number of elements in W triangular:
4604095.0
Length of the parallelised arrays of w:
(153470,)
Computing the similarity matrix with the parallel loop
0
14387
28774
43161
57548
71935
86322
100709
115096
129483
143870
0
15347
30694
46041
61388
76735
92082
107429
122776
138123
0
14387
28774
43161
57548
71935
86322
100709
115096
129483
143870
0
15347
30694
46041
61388
76735
92082
107429
122776
138123
0
14387
28774
43161
57548
71935
86322
100709
115096
129483
143870
0
15347
30694
46041
61388
76735
92082
107429
122776
138123
0
14387
28774
43161
57548
71935
86322
100709
115096
129483
143870
0
15347
30694
46041
61388
76735
92082
107429
122776
138123
0
14387
28774
43161
57548
71935
86322
100709
115096
129483
143870
0
15347
30694
46041
61388
76735
92082
107429
122776
138123
0
14387
28774
43161
57548
71935
86322
100709
115096
129483
143870
0
15347
30694
46041
61388
76735
92082
107429
122776
138123
0
14387
28774
43161
57548
71935
86322
100709
115096
129483
143870
0
15347
30694
46041
61388
76735
92082
107429
122776
138123
0
14387
28774
43161
57548
71935
86322
100709
115096
129483
143870
0
15347
30694
46041
61388
76735
92082
107429
122776
138123
0
14387
28774
43161
57548
71935
86322
100709
115096
129483
143870
0
15347
30694
46041
61388
76735
92082
107429
122776
138123
0
14387
28774
43161
57548
71935
86322
100709
115096
129483
143870
0
15347
30694
46041
61388
76735
92082
107429
122776
138123
0
14387
28774
43161
57548
71935
86322
100709
115096
129483
143870
0
15347
30694
46041
61388
76735
92082
107429
122776
138123
0
14387
28774
43161
57548
71935
86322
100709
115096
129483
143870
0
15347
30694
46041
61388
76735
92082
107429
122776
138123
0
14387
28774
43161
57548
71935
86322
100709
115096
129483
143870
0
15346
30692
46038
61384
76730
92076
107422
122768
138114
153460
0
14387
28774
43161
57548
71935
86322
100709
115096
129483
143870
0
15347
30694
46041
61388
76735
92082
107429
122776
138123
0
14387
28774
43161
57548
71935
86322
100709
115096
129483
143870
0
15347
30694
46041
61388
76735
92082
107429
122776
138123
0
14387
28774
43161
57548
71935
86322
100709
115096
129483
143870
0
15346
30692
46038
61384
76730
92076
107422
122768
138114
153460
0
14387
28774
43161
57548
71935
86322
100709
115096
129483
143870
0
15347
30694
46041
61388
76735
92082
107429
122776
138123
0
14387
28774
43161
57548
71935
86322
100709
115096
129483
143870
0
15347
30694
46041
61388
76735
92082
107429
122776
138123
0
14387
28774
43161
57548
71935
86322
100709
115096
129483
143870
0
15346
30692
46038
61384
76730
92076
107422
122768
138114
153460
0
14387
28774
43161
57548
71935
86322
100709
115096
129483
143870
0
15346
30692
46038
61384
76730
92076
107422
122768
138114
153460
0
14387
28774
43161
57548
71935
86322
100709
115096
129483
143870
0
15347
30694
46041
61388
76735
92082
107429
122776
138123
0
14387
28774
43161
57548
71935
86322
100709
115096
129483
143870
0
15347
30694
46041
61388
76735
92082
107429
122776
138123
0
14387
28774
43161
57548
71935
86322
100709
115096
129483
143870
0
15347
30694
46041
61388
76735
92082
107429
122776
138123
0
14387
28774
43161
57548
71935
86322
100709
115096
129483
143870
0
15346
30692
46038
61384
76730
92076
107422
122768
138114
153460
0
14387
28774
43161
57548
71935
86322
100709
115096
129483
143870
0
15347
30694
46041
61388
76735
92082
107429
122776
138123
0
14387
28774
43161
57548
71935
86322
100709
115096
129483
143870
0
15347
30694
46041
61388
76735
92082
107429
122776
138123
0
14387
28774
43161
57548
71935
86322
100709
115096
129483
143870
0
15347
30694
46041
61388
76735
92082
107429
122776
138123
0
14387
28774
43161
57548
71935
86322
100709
115096
129483
143870
0
15347
30694
46041
61388
76735
92082
107429
122776
138123
0
14387
28774
43161
57548
71935
86322
100709
115096
129483
143870
0
15347
30694
46041
61388
76735
92082
107429
122776
138123
0
14387
28774
43161
57548
71935
86322
100709
115096
129483
143870
0
15347
30694
46041
61388
76735
92082
107429
122776
138123
