Processing year 2005, season JFM
Reading data
shape of land mask
(492, 499)
Number of elements in W triangular:
6666726.0
Length of the parallelised arrays of w:
(208336,)
Computing the similarity matrix with the parallel loop
0
20833
41666
62499
83332
104165
124998
145831
166664
187497
208330
0
20833
41666
62499
83332
104165
124998
145831
166664
187497
208330
Number of elements in W triangular:
6666726.0
Length of the parallelised arrays of w:
(222225,)
Computing the similarity matrix with the parallel loop
0
20833
41666
62499
83332
104165
124998
145831
166664
187497
208330
0
22222
44444
66666
88888
111110
133332
155554
177776
199998
222220
0
20833
41666
62499
83332
104165
124998
145831
166664
187497
208330
0
22222
44444
66666
88888
111110
133332
155554
177776
199998
222220
0
20833
41666
62499
83332
104165
124998
145831
166664
187497
208330
0
22222
44444
66666
88888
111110
133332
155554
177776
199998
222220
0
20833
41666
62499
83332
104165
124998
145831
166664
187497
208330
0
22222
44444
66666
88888
111110
133332
155554
177776
199998
222220
0
20833
41666
62499
83332
104165
124998
145831
166664
187497
208330
0
22222
44444
66666
88888
111110
133332
155554
177776
199998
222220
0
20833
41666
62499
83332
104165
124998
145831
166664
187497
208330
0
22222
44444
66666
88888
111110
133332
155554
177776
199998
222220
0
20833
41666
62499
83332
104165
124998
145831
166664
187497
208330
0
22222
44444
66666
88888
111110
133332
155554
177776
199998
222220
0
20833
41666
62499
83332
104165
124998
145831
166664
187497
208330
0
22222
44444
66666
88888
111110
133332
155554
177776
199998
222220
0
20833
41666
62499
83332
104165
124998
145831
166664
187497
208330
0
22222
44444
66666
88888
111110
133332
155554
177776
199998
222220
0
20833
41666
62499
83332
104165
124998
145831
166664
187497
208330
0
22222
44444
66666
88888
111110
133332
155554
177776
199998
222220
0
20833
41666
62499
83332
104165
124998
145831
166664
187497
208330
0
22222
44444
66666
88888
111110
133332
155554
177776
199998
222220
0
20833
41666
62499
83332
104165
124998
145831
166664
187497
208330
0
22222
44444
66666
88888
111110
133332
155554
177776
199998
222220
0
20833
41666
62499
83332
104165
124998
145831
166664
187497
208330
0
22222
44444
66666
88888
111110
133332
155554
177776
199998
222220
0
20833
41666
62499
83332
104165
124998
145831
166664
187497
208330
0
22222
44444
66666
88888
111110
133332
155554
177776
199998
222220
0
20833
41666
62499
83332
104165
124998
145831
166664
187497
208330
0
22222
44444
66666
88888
111110
133332
155554
177776
199998
222220
0
20833
41666
62499
83332
104165
124998
145831
166664
187497
208330
0
22222
44444
66666
88888
111110
133332
155554
177776
199998
222220
0
20833
41666
62499
83332
104165
124998
145831
166664
187497
208330
0
22222
44444
66666
88888
111110
133332
155554
177776
199998
222220
0
20833
41666
62499
83332
104165
124998
145831
166664
187497
208330
0
22222
44444
66666
88888
111110
133332
155554
177776
199998
222220
0
20833
41666
62499
83332
104165
124998
145831
166664
187497
208330
0
22222
44444
66666
88888
111110
133332
155554
177776
199998
222220
0
20833
41666
62499
83332
104165
124998
145831
166664
187497
208330
0
22222
44444
66666
88888
111110
133332
155554
177776
199998
222220
0
20833
41666
62499
83332
104165
124998
145831
166664
187497
208330
0
22222
44444
66666
88888
111110
133332
155554
177776
199998
222220
0
20833
41666
62499
83332
104165
124998
145831
166664
187497
208330
0
22222
44444
66666
88888
111110
133332
155554
177776
199998
222220
0
20833
41666
62499
83332
104165
124998
145831
166664
187497
208330
0
22222
44444
66666
88888
111110
133332
155554
177776
199998
222220
0
20833
41666
62499
83332
104165
124998
145831
166664
187497
208330
0
22222
44444
66666
88888
111110
133332
155554
177776
199998
222220
0
20833
41666
62499
83332
104165
124998
145831
166664
187497
208330
0
22222
44444
66666
88888
111110
133332
155554
177776
199998
222220
0
20833
41666
62499
83332
104165
124998
145831
166664
187497
208330
0
22222
44444
66666
88888
111110
133332
155554
177776
199998
222220
0
20833
41666
62499
83332
104165
124998
145831
166664
187497
208330
0
22222
44444
66666
88888
111110
133332
155554
177776
199998
222220
0
20833
41666
62499
83332
104165
124998
145831
166664
187497
208330
0
22222
44444
66666
88888
111110
133332
155554
177776
199998
222220
0
20833
41666
62499
83332
104165
124998
145831
166664
187497
208330
0
22222
44444
66666
88888
111110
133332
155554
177776
199998
222220
0
20833
41666
62499
83332
104165
124998
145831
166664
187497
208330
0
22222
44444
66666
88888
111110
133332
155554
177776
199998
222220
