Processing year 2002, season OND
Reading data
shape of land mask
(492, 499)
Number of elements in W triangular:
2329561.0
Length of the parallelised arrays of w:
(72799,)
Computing the similarity matrix with the parallel loop
0
7279
14558
21837
29116
36395
43674
50953
58232
65511
72790
0
7279
14558
21837
29116
36395
43674
50953
58232
65511
72790
Number of elements in W triangular:
2329561.0
Length of the parallelised arrays of w:
(77653,)
Computing the similarity matrix with the parallel loop
0
7279
14558
21837
29116
36395
43674
50953
58232
65511
72790
0
7765
15530
23295
31060
38825
46590
54355
62120
69885
77650
0
7279
14558
21837
29116
36395
43674
50953
58232
65511
72790
0
7765
15530
23295
31060
38825
46590
54355
62120
69885
77650
0
7279
14558
21837
29116
36395
43674
50953
58232
65511
72790
0
7765
15530
23295
31060
38825
46590
54355
62120
69885
77650
0
7279
14558
21837
29116
36395
43674
50953
58232
65511
72790
0
7765
15530
23295
31060
38825
46590
54355
62120
69885
77650
0
7279
14558
21837
29116
36395
43674
50953
58232
65511
72790
0
7765
15530
23295
31060
38825
46590
54355
62120
69885
77650
0
7279
14558
21837
29116
36395
43674
50953
58232
65511
72790
0
7765
15530
23295
31060
38825
46590
54355
62120
69885
77650
0
7279
14558
21837
29116
36395
43674
50953
58232
65511
72790
0
7765
15530
23295
31060
38825
46590
54355
62120
69885
77650
0
7279
14558
21837
29116
36395
43674
50953
58232
65511
72790
0
7765
15530
23295
31060
38825
46590
54355
62120
69885
77650
0
7279
14558
21837
29116
36395
43674
50953
58232
65511
72790
0
7765
15530
23295
31060
38825
46590
54355
62120
69885
77650
0
7279
14558
21837
29116
36395
43674
50953
58232
65511
72790
0
7765
15530
23295
31060
38825
46590
54355
62120
69885
77650
0
7279
14558
21837
29116
36395
43674
50953
58232
65511
72790
0
7765
15530
23295
31060
38825
46590
54355
62120
69885
77650
0
7279
14558
21837
29116
36395
43674
50953
58232
65511
72790
0
7765
15530
23295
31060
38825
46590
54355
62120
69885
77650
0
7279
14558
21837
29116
36395
43674
50953
58232
65511
72790
0
7765
15530
23295
31060
38825
46590
54355
62120
69885
77650
0
7279
14558
21837
29116
36395
43674
50953
58232
65511
72790
0
7765
15530
23295
31060
38825
46590
54355
62120
69885
77650
0
7279
14558
21837
29116
36395
43674
50953
58232
65511
72790
0
7765
15530
23295
31060
38825
46590
54355
62120
69885
77650
0
7279
14558
21837
29116
36395
43674
50953
58232
65511
72790
0
7765
15530
23295
31060
38825
46590
54355
62120
69885
77650
0
7279
14558
21837
29116
36395
43674
50953
58232
65511
72790
0
7765
15530
23295
31060
38825
46590
54355
62120
69885
77650
0
7279
14558
21837
29116
36395
43674
50953
58232
65511
72790
0
7765
15530
23295
31060
38825
46590
54355
62120
69885
77650
0
7279
14558
21837
29116
36395
43674
50953
58232
65511
72790
0
7765
15530
23295
31060
38825
46590
54355
62120
69885
77650
0
7279
14558
21837
29116
36395
43674
50953
58232
65511
72790
0
7765
15530
23295
31060
38825
46590
54355
62120
69885
77650
0
7279
14558
21837
29116
36395
43674
50953
58232
65511
72790
0
7765
15530
23295
31060
38825
46590
54355
62120
69885
77650
0
7279
14558
21837
29116
36395
43674
50953
58232
65511
72790
0
7765
15530
23295
31060
38825
46590
54355
62120
69885
77650
0
7279
14558
21837
29116
36395
43674
50953
58232
65511
72790
0
7765
15530
23295
31060
38825
46590
54355
62120
69885
77650
0
7279
14558
21837
29116
36395
43674
50953
58232
65511
72790
0
7765
15530
23295
31060
38825
46590
54355
62120
69885
77650
0
7279
14558
21837
29116
36395
43674
50953
58232
65511
72790
0
7765
15530
23295
31060
38825
46590
54355
62120
69885
77650
0
7279
14558
21837
29116
36395
43674
50953
58232
65511
72790
0
7765
15530
23295
31060
38825
46590
54355
62120
69885
77650
0
7279
14558
21837
29116
36395
43674
50953
58232
65511
72790
0
7765
15530
23295
31060
38825
46590
54355
62120
69885
77650
0
7279
14558
21837
29116
36395
43674
50953
58232
65511
72790
0
7765
15530
23295
31060
38825
46590
54355
62120
69885
77650
0
7279
14558
21837
29116
36395
43674
50953
58232
65511
72790
0
7765
15530
23295
31060
38825
46590
54355
62120
69885
77650
0
7279
14558
21837
29116
36395
43674
50953
58232
65511
72790
0
7765
15530
23295
31060
38825
46590
54355
62120
69885
77650
