Processing year 2000, season OND
Reading data
shape of land mask
(492, 499)
Number of elements in W triangular:
2636956.0
Length of the parallelised arrays of w:
(82405,)
Computing the similarity matrix with the parallel loop
0
8240
16480
24720
32960
41200
49440
57680
65920
74160
82400
0
8240
16480
24720
32960
41200
49440
57680
65920
74160
82400
Number of elements in W triangular:
2636956.0
Length of the parallelised arrays of w:
(87899,)
Computing the similarity matrix with the parallel loop
0
8240
16480
24720
32960
41200
49440
57680
65920
74160
82400
0
8789
17578
26367
35156
43945
52734
61523
70312
79101
87890
0
8240
16480
24720
32960
41200
49440
57680
65920
74160
82400
0
8789
17578
26367
35156
43945
52734
61523
70312
79101
87890
0
8240
16480
24720
32960
41200
49440
57680
65920
74160
82400
0
8789
17578
26367
35156
43945
52734
61523
70312
79101
87890
0
8240
16480
24720
32960
41200
49440
57680
65920
74160
82400
0
8789
17578
26367
35156
43945
52734
61523
70312
79101
87890
0
8240
16480
24720
32960
41200
49440
57680
65920
74160
82400
0
8789
17578
26367
35156
43945
52734
61523
70312
79101
87890
0
8240
16480
24720
32960
41200
49440
57680
65920
74160
82400
0
8789
17578
26367
35156
43945
52734
61523
70312
79101
87890
0
8240
16480
24720
32960
41200
49440
57680
65920
74160
82400
0
8789
17578
26367
35156
43945
52734
61523
70312
79101
87890
0
8240
16480
24720
32960
41200
49440
57680
65920
74160
82400
0
8789
17578
26367
35156
43945
52734
61523
70312
79101
87890
0
8240
16480
24720
32960
41200
49440
57680
65920
74160
82400
0
8789
17578
26367
35156
43945
52734
61523
70312
79101
87890
0
8240
16480
24720
32960
41200
49440
57680
65920
74160
82400
0
8789
17578
26367
35156
43945
52734
61523
70312
79101
87890
0
8240
16480
24720
32960
41200
49440
57680
65920
74160
82400
0
8789
17578
26367
35156
43945
52734
61523
70312
79101
87890
0
8240
16480
24720
32960
41200
49440
57680
65920
74160
82400
0
8789
17578
26367
35156
43945
52734
61523
70312
79101
87890
0
8240
16480
24720
32960
41200
49440
57680
65920
74160
82400
0
8789
17578
26367
35156
43945
52734
61523
70312
79101
87890
0
8240
16480
24720
32960
41200
49440
57680
65920
74160
82400
0
8789
17578
26367
35156
43945
52734
61523
70312
79101
87890
0
8240
16480
24720
32960
41200
49440
57680
65920
74160
82400
0
8789
17578
26367
35156
43945
52734
61523
70312
79101
87890
0
8240
16480
24720
32960
41200
49440
57680
65920
74160
82400
0
8789
17578
26367
35156
43945
52734
61523
70312
79101
87890
0
8240
16480
24720
32960
41200
49440
57680
65920
74160
82400
0
8789
17578
26367
35156
43945
52734
61523
70312
79101
87890
0
8240
16480
24720
32960
41200
49440
57680
65920
74160
82400
0
8789
17578
26367
35156
43945
52734
61523
70312
79101
87890
0
8240
16480
24720
32960
41200
49440
57680
65920
74160
82400
0
8789
17578
26367
35156
43945
52734
61523
70312
79101
87890
0
8240
16480
24720
32960
41200
49440
57680
65920
74160
82400
0
8789
17578
26367
35156
43945
52734
61523
70312
79101
87890
0
8240
16480
24720
32960
41200
49440
57680
65920
74160
82400
0
8789
17578
26367
35156
43945
52734
61523
70312
79101
87890
0
8240
16480
24720
32960
41200
49440
57680
65920
74160
82400
0
8789
17578
26367
35156
43945
52734
61523
70312
79101
87890
0
8240
16480
24720
32960
41200
49440
57680
65920
74160
82400
0
8789
17578
26367
35156
43945
52734
61523
70312
79101
87890
0
8240
16480
24720
32960
41200
49440
57680
65920
74160
82400
0
8789
17578
26367
35156
43945
52734
61523
70312
79101
87890
0
8240
16480
24720
32960
41200
49440
57680
65920
74160
82400
0
8789
17578
26367
35156
43945
52734
61523
70312
79101
87890
0
8240
16480
24720
32960
41200
49440
57680
65920
74160
82400
0
8789
17578
26367
35156
43945
52734
61523
70312
79101
87890
0
8240
16480
24720
32960
41200
49440
57680
65920
74160
82400
0
8789
17578
26367
35156
43945
52734
61523
70312
79101
87890
0
8240
16480
24720
32960
41200
49440
57680
65920
74160
82400
0
8789
17578
26367
35156
43945
52734
61523
70312
79101
87890
0
8240
16480
24720
32960
41200
49440
57680
65920
74160
82400
0
8789
17578
26367
35156
43945
52734
61523
70312
79101
87890
0
8240
16480
24720
32960
41200
49440
57680
65920
74160
82400
0
8789
17578
26367
35156
43945
52734
61523
70312
79101
87890
