Processing year 2003, season JFM
Reading data
shape of land mask
(492, 499)
Number of elements in W triangular:
6813586.0
Length of the parallelised arrays of w:
(212925,)
Computing the similarity matrix with the parallel loop
0
21292
42584
63876
85168
106460
127752
149044
170336
191628
212920
0
21292
42584
63876
85168
106460
127752
149044
170336
191628
212920
Number of elements in W triangular:
6813586.0
Length of the parallelised arrays of w:
(227120,)
Computing the similarity matrix with the parallel loop
0
21292
42584
63876
85168
106460
127752
149044
170336
191628
212920
0
22712
45424
68136
90848
113560
136272
158984
181696
204408
0
21292
42584
63876
85168
106460
127752
149044
170336
191628
212920
0
22712
45424
68136
90848
113560
136272
158984
181696
204408
0
21292
42584
63876
85168
106460
127752
149044
170336
191628
212920
0
22711
45422
68133
90844
113555
136266
158977
181688
204399
227110
0
21292
42584
63876
85168
106460
127752
149044
170336
191628
212920
0
22711
45422
68133
90844
113555
136266
158977
181688
204399
227110
0
21292
42584
63876
85168
106460
127752
149044
170336
191628
212920
0
22712
45424
68136
90848
113560
136272
158984
181696
204408
0
21292
42584
63876
85168
106460
127752
149044
170336
191628
212920
0
22711
45422
68133
90844
113555
136266
158977
181688
204399
227110
0
21292
42584
63876
85168
106460
127752
149044
170336
191628
212920
0
22712
45424
68136
90848
113560
136272
158984
181696
204408
0
21292
42584
63876
85168
106460
127752
149044
170336
191628
212920
0
22712
45424
68136
90848
113560
136272
158984
181696
204408
0
21292
42584
63876
85168
106460
127752
149044
170336
191628
212920
0
22711
45422
68133
90844
113555
136266
158977
181688
204399
227110
0
21292
42584
63876
85168
106460
127752
149044
170336
191628
212920
0
22711
45422
68133
90844
113555
136266
158977
181688
204399
227110
0
21292
42584
63876
85168
106460
127752
149044
170336
191628
212920
0
22711
45422
68133
90844
113555
136266
158977
181688
204399
227110
0
21292
42584
63876
85168
106460
127752
149044
170336
191628
212920
0
22712
45424
68136
90848
113560
136272
158984
181696
204408
0
21292
42584
63876
85168
106460
127752
149044
170336
191628
212920
0
22712
45424
68136
90848
113560
136272
158984
181696
204408
0
21292
42584
63876
85168
106460
127752
149044
170336
191628
212920
0
22711
45422
68133
90844
113555
136266
158977
181688
204399
227110
0
21292
42584
63876
85168
106460
127752
149044
170336
191628
212920
0
22712
45424
68136
90848
113560
136272
158984
181696
204408
0
21292
42584
63876
85168
106460
127752
149044
170336
191628
212920
0
22712
45424
68136
90848
113560
136272
158984
181696
204408
0
21292
42584
63876
85168
106460
127752
149044
170336
191628
212920
0
22712
45424
68136
90848
113560
136272
158984
181696
204408
0
21292
42584
63876
85168
106460
127752
149044
170336
191628
212920
0
22712
45424
68136
90848
113560
136272
158984
181696
204408
0
21292
42584
63876
85168
106460
127752
149044
170336
191628
212920
0
22712
45424
68136
90848
113560
136272
158984
181696
204408
0
21292
42584
63876
85168
106460
127752
149044
170336
191628
212920
0
22711
45422
68133
90844
113555
136266
158977
181688
204399
227110
0
21292
42584
63876
85168
106460
127752
149044
170336
191628
212920
0
22711
45422
68133
90844
113555
136266
158977
181688
204399
227110
0
21292
42584
63876
85168
106460
127752
149044
170336
191628
212920
0
22712
45424
68136
90848
113560
136272
158984
181696
204408
0
21292
42584
63876
85168
106460
127752
149044
170336
191628
212920
0
22711
45422
68133
90844
113555
136266
158977
181688
204399
227110
0
21292
42584
63876
85168
106460
127752
149044
170336
191628
212920
0
22711
45422
68133
90844
113555
136266
158977
181688
204399
227110
0
21292
42584
63876
85168
106460
127752
149044
170336
191628
212920
0
22712
45424
68136
90848
113560
136272
158984
181696
204408
0
21292
42584
63876
85168
106460
127752
149044
170336
191628
212920
0
22711
45422
68133
90844
113555
136266
158977
181688
204399
227110
0
21292
42584
63876
85168
106460
127752
149044
170336
191628
212920
0
22712
45424
68136
90848
113560
136272
158984
181696
204408
0
21292
42584
63876
85168
106460
127752
149044
170336
191628
212920
0
22712
45424
68136
90848
113560
136272
158984
181696
204408
0
21292
42584
63876
85168
106460
127752
149044
170336
191628
212920
0
22711
45422
68133
90844
113555
136266
158977
181688
204399
227110
0
21292
42584
63876
85168
106460
127752
149044
170336
191628
212920
0
22711
45422
68133
90844
113555
136266
158977
181688
204399
227110
