Processing year 2001, season OND
Reading data
shape of land mask
(492, 499)
Number of elements in W triangular:
2874003.0
Length of the parallelised arrays of w:
(89813,)
Computing the similarity matrix with the parallel loop
0
8981
17962
26943
35924
44905
53886
62867
71848
80829
89810
0
8981
17962
26943
35924
44905
53886
62867
71848
80829
89810
Number of elements in W triangular:
2874003.0
Length of the parallelised arrays of w:
(95801,)
Computing the similarity matrix with the parallel loop
0
8981
17962
26943
35924
44905
53886
62867
71848
80829
89810
0
9580
19160
28740
38320
47900
57480
67060
76640
86220
0
8981
17962
26943
35924
44905
53886
62867
71848
80829
89810
0
9580
19160
28740
38320
47900
57480
67060
76640
86220
0
8981
17962
26943
35924
44905
53886
62867
71848
80829
89810
0
9580
19160
28740
38320
47900
57480
67060
76640
86220
0
8981
17962
26943
35924
44905
53886
62867
71848
80829
89810
0
9580
19160
28740
38320
47900
57480
67060
76640
86220
0
8981
17962
26943
35924
44905
53886
62867
71848
80829
89810
0
9580
19160
28740
38320
47900
57480
67060
76640
86220
0
8981
17962
26943
35924
44905
53886
62867
71848
80829
89810
0
9580
19160
28740
38320
47900
57480
67060
76640
86220
0
8981
17962
26943
35924
44905
53886
62867
71848
80829
89810
0
9580
19160
28740
38320
47900
57480
67060
76640
86220
0
8981
17962
26943
35924
44905
53886
62867
71848
80829
89810
0
9580
19160
28740
38320
47900
57480
67060
76640
86220
0
8981
17962
26943
35924
44905
53886
62867
71848
80829
89810
0
9580
19160
28740
38320
47900
57480
67060
76640
86220
0
8981
17962
26943
35924
44905
53886
62867
71848
80829
89810
0
9580
19160
28740
38320
47900
57480
67060
76640
86220
0
8981
17962
26943
35924
44905
53886
62867
71848
80829
89810
0
9580
19160
28740
38320
47900
57480
67060
76640
86220
95800
0
8981
17962
26943
35924
44905
53886
62867
71848
80829
89810
0
9580
19160
28740
38320
47900
57480
67060
76640
86220
0
8981
17962
26943
35924
44905
53886
62867
71848
80829
89810
0
9580
19160
28740
38320
47900
57480
67060
76640
86220
95800
0
8981
17962
26943
35924
44905
53886
62867
71848
80829
89810
0
9580
19160
28740
38320
47900
57480
67060
76640
86220
0
8981
17962
26943
35924
44905
53886
62867
71848
80829
89810
0
9580
19160
28740
38320
47900
57480
67060
76640
86220
95800
0
8981
17962
26943
35924
44905
53886
62867
71848
80829
89810
0
9580
19160
28740
38320
47900
57480
67060
76640
86220
0
8981
17962
26943
35924
44905
53886
62867
71848
80829
89810
0
9580
19160
28740
38320
47900
57480
67060
76640
86220
0
8981
17962
26943
35924
44905
53886
62867
71848
80829
89810
0
9580
19160
28740
38320
47900
57480
67060
76640
86220
0
8981
17962
26943
35924
44905
53886
62867
71848
80829
89810
0
9580
19160
28740
38320
47900
57480
67060
76640
86220
0
8981
17962
26943
35924
44905
53886
62867
71848
80829
89810
0
9580
19160
28740
38320
47900
57480
67060
76640
86220
0
8981
17962
26943
35924
44905
53886
62867
71848
80829
89810
0
9580
19160
28740
38320
47900
57480
67060
76640
86220
0
8981
17962
26943
35924
44905
53886
62867
71848
80829
89810
0
9580
19160
28740
38320
47900
57480
67060
76640
86220
0
8981
17962
26943
35924
44905
53886
62867
71848
80829
89810
0
9580
19160
28740
38320
47900
57480
67060
76640
86220
0
8981
17962
26943
35924
44905
53886
62867
71848
80829
89810
0
9580
19160
28740
38320
47900
57480
67060
76640
86220
0
8981
17962
26943
35924
44905
53886
62867
71848
80829
89810
0
9580
19160
28740
38320
47900
57480
67060
76640
86220
0
8981
17962
26943
35924
44905
53886
62867
71848
80829
89810
0
9580
19160
28740
38320
47900
57480
67060
76640
86220
0
8981
17962
26943
35924
44905
53886
62867
71848
80829
89810
0
9580
19160
28740
38320
47900
57480
67060
76640
86220
0
8981
17962
26943
35924
44905
53886
62867
71848
80829
89810
0
9580
19160
28740
38320
47900
57480
67060
76640
86220
0
8981
17962
26943
35924
44905
53886
62867
71848
80829
89810
0
9580
19160
28740
38320
47900
57480
67060
76640
86220
0
8981
17962
26943
35924
44905
53886
62867
71848
80829
89810
0
9580
19160
28740
38320
47900
57480
67060
76640
86220
