Processing year 2007, season AMJ
Reading data
Number of elements in W triangular:
7138531.0
Length of the parallelised arrays of w:
(223080,)
Computing distances between initial conditions
Computing distances between final conditions
0
22307
44614
66921
89228
111535
133842
156149
178456
200763
223070
0
22307
44614
66921
89228
111535
133842
156149
178456
200763
223070
0
22307
44614
66921
89228
111535
133842
156149
178456
200763
223070
0
22307
44614
66921
89228
111535
133842
156149
178456
200763
223070
0
22307
44614
66921
89228
111535
133842
156149
178456
200763
223070
0
22307
44614
66921
89228
111535
133842
156149
178456
200763
223070
0
22307
44614
66921
89228
111535
133842
156149
178456
200763
223070
0
22308
44616
66924
89232
111540
133848
156156
178464
200772
0
22307
44614
66921
89228
111535
133842
156149
178456
200763
223070
0
22307
44614
66921
89228
111535
133842
156149
178456
200763
223070
0
22307
44614
66921
89228
111535
133842
156149
178456
200763
223070
0
22307
44614
66921
89228
111535
133842
156149
178456
200763
223070
0
22308
44616
66924
89232
111540
133848
156156
178464
200772
0
22307
44614
66921
89228
111535
133842
156149
178456
200763
223070
0
22307
44614
66921
89228
111535
133842
156149
178456
200763
223070
0
22307
44614
66921
89228
111535
133842
156149
178456
200763
223070
0
22307
44614
66921
89228
111535
133842
156149
178456
200763
223070
0
22307
44614
66921
89228
111535
133842
156149
178456
200763
223070
0
22307
44614
66921
89228
111535
133842
156149
178456
200763
223070
0
22307
44614
66921
89228
111535
133842
156149
178456
200763
223070
0
22307
44614
66921
89228
111535
133842
156149
178456
200763
223070
0
22307
44614
66921
89228
111535
133842
156149
178456
200763
223070
0
22307
44614
66921
89228
111535
133842
156149
178456
200763
223070
0
22307
44614
66921
89228
111535
133842
156149
178456
200763
223070
0
22307
44614
66921
89228
111535
133842
156149
178456
200763
223070
0
22307
44614
66921
89228
111535
133842
156149
178456
200763
223070
0
22307
44614
66921
89228
111535
133842
156149
178456
200763
223070
0
22307
44614
66921
89228
111535
133842
156149
178456
200763
223070
0
22307
44614
66921
89228
111535
133842
156149
178456
200763
223070
0
22307
44614
66921
89228
111535
133842
156149
178456
200763
223070
0
22307
44614
66921
89228
111535
133842
156149
178456
200763
223070
0
22307
44614
66921
89228
111535
133842
156149
178456
200763
223070
0
22307
44614
66921
89228
111535
133842
156149
178456
200763
223070
0
22307
44614
66921
89228
111535
133842
156149
178456
200763
223070
0
22307
44614
66921
89228
111535
133842
156149
178456
200763
223070
0
22307
44614
66921
89228
111535
133842
156149
178456
200763
223070
0
22307
44614
66921
89228
111535
133842
156149
178456
200763
223070
0
22307
44614
66921
89228
111535
133842
156149
178456
200763
223070
0
22308
44616
66924
89232
111540
133848
156156
178464
200772
0
22307
44614
66921
89228
111535
133842
156149
178456
200763
223070
0
22307
44614
66921
89228
111535
133842
156149
178456
200763
223070
0
22307
44614
66921
89228
111535
133842
156149
178456
200763
223070
0
22307
44614
66921
89228
111535
133842
156149
178456
200763
223070
0
22307
44614
66921
89228
111535
133842
156149
178456
200763
223070
0
22307
44614
66921
89228
111535
133842
156149
178456
200763
223070
0
22307
44614
66921
89228
111535
133842
156149
178456
200763
223070
0
22307
44614
66921
89228
111535
133842
156149
178456
200763
223070
0
22307
44614
66921
89228
111535
133842
156149
178456
200763
223070
0
22307
44614
66921
89228
111535
133842
156149
178456
200763
223070
0
22307
44614
66921
89228
111535
133842
156149
178456
200763
223070
0
22307
44614
66921
89228
111535
133842
156149
178456
200763
223070
0
22307
44614
66921
89228
111535
133842
156149
178456
200763
223070
0
22307
44614
66921
89228
111535
133842
156149
178456
200763
223070
0
22307
44614
66921
89228
111535
133842
156149
178456
200763
223070
0
22307
44614
66921
89228
111535
133842
156149
178456
200763
223070
0
22308
44616
66924
89232
111540
133848
156156
178464
200772
0
22307
44614
66921
89228
111535
133842
156149
178456
200763
223070
0
22307
44614
66921
89228
111535
133842
156149
178456
200763
223070
0
22307
44614
66921
89228
111535
133842
156149
178456
200763
223070
0
22308
44616
66924
89232
111540
133848
156156
178464
200772
0
22308
44616
66924
89232
111540
133848
156156
178464
200772
0
22307
44614
66921
89228
111535
133842
156149
178456
200763
223070
0
22307
44614
66921
89228
111535
133842
156149
178456
200763
223070
0
22307
44614
66921
89228
111535
133842
156149
178456
200763
223070
