Processing year 2000, season JFM
Reading data
shape of land mask
(492, 499)
Number of elements in W triangular:
6869071.0
Length of the parallelised arrays of w:
(214659,)
Computing the similarity matrix with the parallel loop
0
21465
42930
64395
85860
107325
128790
150255
171720
193185
214650
0
21465
42930
64395
85860
107325
128790
150255
171720
193185
214650
Number of elements in W triangular:
6869071.0
Length of the parallelised arrays of w:
(228970,)
Computing the similarity matrix with the parallel loop
0
21465
42930
64395
85860
107325
128790
150255
171720
193185
214650
0
22896
45792
68688
91584
114480
137376
160272
183168
206064
228960
0
21465
42930
64395
85860
107325
128790
150255
171720
193185
214650
0
22896
45792
68688
91584
114480
137376
160272
183168
206064
228960
0
21465
42930
64395
85860
107325
128790
150255
171720
193185
214650
0
22896
45792
68688
91584
114480
137376
160272
183168
206064
228960
0
21465
42930
64395
85860
107325
128790
150255
171720
193185
214650
0
22896
45792
68688
91584
114480
137376
160272
183168
206064
228960
0
21465
42930
64395
85860
107325
128790
150255
171720
193185
214650
0
22896
45792
68688
91584
114480
137376
160272
183168
206064
228960
0
21465
42930
64395
85860
107325
128790
150255
171720
193185
214650
0
22896
45792
68688
91584
114480
137376
160272
183168
206064
228960
0
21465
42930
64395
85860
107325
128790
150255
171720
193185
214650
0
22896
45792
68688
91584
114480
137376
160272
183168
206064
228960
0
21465
42930
64395
85860
107325
128790
150255
171720
193185
214650
0
22896
45792
68688
91584
114480
137376
160272
183168
206064
228960
0
21465
42930
64395
85860
107325
128790
150255
171720
193185
214650
0
22896
45792
68688
91584
114480
137376
160272
183168
206064
228960
0
21465
42930
64395
85860
107325
128790
150255
171720
193185
214650
0
22896
45792
68688
91584
114480
137376
160272
183168
206064
228960
0
21465
42930
64395
85860
107325
128790
150255
171720
193185
214650
0
22896
45792
68688
91584
114480
137376
160272
183168
206064
228960
0
21465
42930
64395
85860
107325
128790
150255
171720
193185
214650
0
22896
45792
68688
91584
114480
137376
160272
183168
206064
228960
0
21465
42930
64395
85860
107325
128790
150255
171720
193185
214650
0
22896
45792
68688
91584
114480
137376
160272
183168
206064
228960
0
21465
42930
64395
85860
107325
128790
150255
171720
193185
214650
0
22896
45792
68688
91584
114480
137376
160272
183168
206064
228960
0
21465
42930
64395
85860
107325
128790
150255
171720
193185
214650
0
22897
45794
68691
91588
114485
137382
160279
183176
206073
0
21465
42930
64395
85860
107325
128790
150255
171720
193185
214650
0
22896
45792
68688
91584
114480
137376
160272
183168
206064
228960
0
21465
42930
64395
85860
107325
128790
150255
171720
193185
214650
0
22896
45792
68688
91584
114480
137376
160272
183168
206064
228960
0
21465
42930
64395
85860
107325
128790
150255
171720
193185
214650
0
22896
45792
68688
91584
114480
137376
160272
183168
206064
228960
0
21465
42930
64395
85860
107325
128790
150255
171720
193185
214650
0
22896
45792
68688
91584
114480
137376
160272
183168
206064
228960
0
21465
42930
64395
85860
107325
128790
150255
171720
193185
214650
0
22896
45792
68688
91584
114480
137376
160272
183168
206064
228960
0
21465
42930
64395
85860
107325
128790
150255
171720
193185
214650
0
22896
45792
68688
91584
114480
137376
160272
183168
206064
228960
0
21465
42930
64395
85860
107325
128790
150255
171720
193185
214650
0
22896
45792
68688
91584
114480
137376
160272
183168
206064
228960
0
21465
42930
64395
85860
107325
128790
150255
171720
193185
214650
0
22896
45792
68688
91584
114480
137376
160272
183168
206064
228960
0
21465
42930
64395
85860
107325
128790
150255
171720
193185
214650
0
22896
45792
68688
91584
114480
137376
160272
183168
206064
228960
0
21465
42930
64395
85860
107325
128790
150255
171720
193185
214650
0
22896
45792
68688
91584
114480
137376
160272
183168
206064
228960
0
21465
42930
64395
85860
107325
128790
150255
171720
193185
214650
0
22896
45792
68688
91584
114480
137376
160272
183168
206064
228960
0
21465
42930
64395
85860
107325
128790
150255
171720
193185
214650
0
22896
45792
68688
91584
114480
137376
160272
183168
206064
228960
0
21465
42930
64395
85860
107325
128790
150255
171720
193185
214650
0
22896
45792
68688
91584
114480
137376
160272
183168
206064
228960
0
21465
42930
64395
85860
107325
128790
150255
171720
193185
214650
0
22896
45792
68688
91584
114480
137376
160272
183168
206064
228960
0
21465
42930
64395
85860
107325
128790
150255
171720
193185
214650
0
22896
45792
68688
91584
114480
137376
160272
183168
206064
228960
