Processing year 2004, season JFM
Reading data
shape of land mask
(492, 499)
Number of elements in W triangular:
7006896.0
Length of the parallelised arrays of w:
(218966,)
Computing the similarity matrix with the parallel loop
0
21896
43792
65688
87584
109480
131376
153272
175168
197064
218960
0
21896
43792
65688
87584
109480
131376
153272
175168
197064
218960
Number of elements in W triangular:
7006896.0
Length of the parallelised arrays of w:
(233564,)
Computing the similarity matrix with the parallel loop
0
21896
43792
65688
87584
109480
131376
153272
175168
197064
218960
0
23356
46712
70068
93424
116780
140136
163492
186848
210204
233560
0
21896
43792
65688
87584
109480
131376
153272
175168
197064
218960
0
23356
46712
70068
93424
116780
140136
163492
186848
210204
233560
0
21896
43792
65688
87584
109480
131376
153272
175168
197064
218960
0
23356
46712
70068
93424
116780
140136
163492
186848
210204
233560
0
21896
43792
65688
87584
109480
131376
153272
175168
197064
218960
0
23356
46712
70068
93424
116780
140136
163492
186848
210204
233560
0
21896
43792
65688
87584
109480
131376
153272
175168
197064
218960
0
23356
46712
70068
93424
116780
140136
163492
186848
210204
233560
0
21896
43792
65688
87584
109480
131376
153272
175168
197064
218960
0
23356
46712
70068
93424
116780
140136
163492
186848
210204
233560
0
21896
43792
65688
87584
109480
131376
153272
175168
197064
218960
0
23356
46712
70068
93424
116780
140136
163492
186848
210204
233560
0
21896
43792
65688
87584
109480
131376
153272
175168
197064
218960
0
23356
46712
70068
93424
116780
140136
163492
186848
210204
233560
0
21896
43792
65688
87584
109480
131376
153272
175168
197064
218960
0
23356
46712
70068
93424
116780
140136
163492
186848
210204
233560
0
21896
43792
65688
87584
109480
131376
153272
175168
197064
218960
0
23356
46712
70068
93424
116780
140136
163492
186848
210204
233560
0
21896
43792
65688
87584
109480
131376
153272
175168
197064
218960
0
23356
46712
70068
93424
116780
140136
163492
186848
210204
233560
0
21896
43792
65688
87584
109480
131376
153272
175168
197064
218960
0
23356
46712
70068
93424
116780
140136
163492
186848
210204
233560
0
21896
43792
65688
87584
109480
131376
153272
175168
197064
218960
0
23356
46712
70068
93424
116780
140136
163492
186848
210204
233560
0
21896
43792
65688
87584
109480
131376
153272
175168
197064
218960
0
23356
46712
70068
93424
116780
140136
163492
186848
210204
233560
0
21896
43792
65688
87584
109480
131376
153272
175168
197064
218960
0
23356
46712
70068
93424
116780
140136
163492
186848
210204
233560
0
21896
43792
65688
87584
109480
131376
153272
175168
197064
218960
0
23356
46712
70068
93424
116780
140136
163492
186848
210204
233560
0
21896
43792
65688
87584
109480
131376
153272
175168
197064
218960
0
23356
46712
70068
93424
116780
140136
163492
186848
210204
233560
0
21896
43792
65688
87584
109480
131376
153272
175168
197064
218960
0
23356
46712
70068
93424
116780
140136
163492
186848
210204
233560
0
21896
43792
65688
87584
109480
131376
153272
175168
197064
218960
0
23356
46712
70068
93424
116780
140136
163492
186848
210204
233560
0
21896
43792
65688
87584
109480
131376
153272
175168
197064
218960
0
23356
46712
70068
93424
116780
140136
163492
186848
210204
233560
0
21896
43792
65688
87584
109480
131376
153272
175168
197064
218960
0
23356
46712
70068
93424
116780
140136
163492
186848
210204
233560
0
21896
43792
65688
87584
109480
131376
153272
175168
197064
218960
0
23356
46712
70068
93424
116780
140136
163492
186848
210204
233560
0
21896
43792
65688
87584
109480
131376
153272
175168
197064
218960
0
23356
46712
70068
93424
116780
140136
163492
186848
210204
233560
0
21896
43792
65688
87584
109480
131376
153272
175168
197064
218960
0
23356
46712
70068
93424
116780
140136
163492
186848
210204
233560
0
21896
43792
65688
87584
109480
131376
153272
175168
197064
218960
0
23356
46712
70068
93424
116780
140136
163492
186848
210204
233560
0
21896
43792
65688
87584
109480
131376
153272
175168
197064
218960
0
23356
46712
70068
93424
116780
140136
163492
186848
210204
233560
0
21896
43792
65688
87584
109480
131376
153272
175168
197064
218960
0
23356
46712
70068
93424
116780
140136
163492
186848
210204
233560
0
21896
43792
65688
87584
109480
131376
153272
175168
197064
218960
0
23356
46712
70068
93424
116780
140136
163492
186848
210204
233560
0
21896
43792
65688
87584
109480
131376
153272
175168
197064
218960
0
23356
46712
70068
93424
116780
140136
163492
186848
210204
233560
0
21896
43792
65688
87584
109480
131376
153272
175168
197064
218960
0
23356
46712
70068
93424
116780
140136
163492
186848
210204
233560
