Processing year 2004, season OND
Reading data
shape of land mask
(492, 499)
Number of elements in W triangular:
2390391.0
Length of the parallelised arrays of w:
(74700,)
Computing the similarity matrix with the parallel loop
0
7469
14938
22407
29876
37345
44814
52283
59752
67221
74690
0
7470
14940
22410
29880
37350
44820
52290
59760
67230
Number of elements in W triangular:
2390391.0
Length of the parallelised arrays of w:
(79680,)
Computing the similarity matrix with the parallel loop
0
7470
14940
22410
29880
37350
44820
52290
59760
67230
0
7968
15936
23904
31872
39840
47808
55776
63744
71712
0
7469
14938
22407
29876
37345
44814
52283
59752
67221
74690
0
7968
15936
23904
31872
39840
47808
55776
63744
71712
0
7470
14940
22410
29880
37350
44820
52290
59760
67230
0
7968
15936
23904
31872
39840
47808
55776
63744
71712
0
7470
14940
22410
29880
37350
44820
52290
59760
67230
0
7968
15936
23904
31872
39840
47808
55776
63744
71712
0
7470
14940
22410
29880
37350
44820
52290
59760
67230
0
7968
15936
23904
31872
39840
47808
55776
63744
71712
0
7470
14940
22410
29880
37350
44820
52290
59760
67230
0
7968
15936
23904
31872
39840
47808
55776
63744
71712
0
7470
14940
22410
29880
37350
44820
52290
59760
67230
0
7968
15936
23904
31872
39840
47808
55776
63744
71712
0
7470
14940
22410
29880
37350
44820
52290
59760
67230
0
7967
15934
23901
31868
39835
47802
55769
63736
71703
79670
0
7470
14940
22410
29880
37350
44820
52290
59760
67230
0
7968
15936
23904
31872
39840
47808
55776
63744
71712
0
7470
14940
22410
29880
37350
44820
52290
59760
67230
0
7967
15934
23901
31868
39835
47802
55769
63736
71703
79670
0
7470
14940
22410
29880
37350
44820
52290
59760
67230
0
7968
15936
23904
31872
39840
47808
55776
63744
71712
0
7470
14940
22410
29880
37350
44820
52290
59760
67230
0
7967
15934
23901
31868
39835
47802
55769
63736
71703
79670
0
7469
14938
22407
29876
37345
44814
52283
59752
67221
74690
0
7968
15936
23904
31872
39840
47808
55776
63744
71712
0
7470
14940
22410
29880
37350
44820
52290
59760
67230
0
7967
15934
23901
31868
39835
47802
55769
63736
71703
79670
0
7470
14940
22410
29880
37350
44820
52290
59760
67230
0
7967
15934
23901
31868
39835
47802
55769
63736
71703
79670
0
7469
14938
22407
29876
37345
44814
52283
59752
67221
74690
0
7968
15936
23904
31872
39840
47808
55776
63744
71712
0
7470
14940
22410
29880
37350
44820
52290
59760
67230
0
7968
15936
23904
31872
39840
47808
55776
63744
71712
0
7470
14940
22410
29880
37350
44820
52290
59760
67230
0
7968
15936
23904
31872
39840
47808
55776
63744
71712
0
7470
14940
22410
29880
37350
44820
52290
59760
67230
0
7967
15934
23901
31868
39835
47802
55769
63736
71703
79670
0
7470
14940
22410
29880
37350
44820
52290
59760
67230
0
7968
15936
23904
31872
39840
47808
55776
63744
71712
0
7470
14940
22410
29880
37350
44820
52290
59760
67230
0
7968
15936
23904
31872
39840
47808
55776
63744
71712
0
7470
14940
22410
29880
37350
44820
52290
59760
67230
0
7968
15936
23904
31872
39840
47808
55776
63744
71712
0
7469
14938
22407
29876
37345
44814
52283
59752
67221
74690
0
7968
15936
23904
31872
39840
47808
55776
63744
71712
0
7470
14940
22410
29880
37350
44820
52290
59760
67230
0
7968
15936
23904
31872
39840
47808
55776
63744
71712
0
7469
14938
22407
29876
37345
44814
52283
59752
67221
74690
0
7967
15934
23901
31868
39835
47802
55769
63736
71703
79670
0
7469
14938
22407
29876
37345
44814
52283
59752
67221
74690
0
7968
15936
23904
31872
39840
47808
55776
63744
71712
0
7469
14938
22407
29876
37345
44814
52283
59752
67221
74690
0
7967
15934
23901
31868
39835
47802
55769
63736
71703
79670
0
7470
14940
22410
29880
37350
44820
52290
59760
67230
0
7968
15936
23904
31872
39840
47808
55776
63744
71712
0
7470
14940
22410
29880
37350
44820
52290
59760
67230
0
7967
15934
23901
31868
39835
47802
55769
63736
71703
79670
0
7469
14938
22407
29876
37345
44814
52283
59752
67221
74690
0
7968
15936
23904
31872
39840
47808
55776
63744
71712
