Processing year 2006, season JFM
Reading data
shape of land mask
(492, 499)
Number of elements in W triangular:
6471003.0
Length of the parallelised arrays of w:
(202219,)
Computing the similarity matrix with the parallel loop
0
20221
40442
60663
80884
101105
121326
141547
161768
181989
202210
0
20221
40442
60663
80884
101105
121326
141547
161768
181989
202210
Number of elements in W triangular:
6471003.0
Length of the parallelised arrays of w:
(215701,)
Computing the similarity matrix with the parallel loop
0
20221
40442
60663
80884
101105
121326
141547
161768
181989
202210
0
21570
43140
64710
86280
107850
129420
150990
172560
194130
0
20221
40442
60663
80884
101105
121326
141547
161768
181989
202210
0
21570
43140
64710
86280
107850
129420
150990
172560
194130
215700
0
20221
40442
60663
80884
101105
121326
141547
161768
181989
202210
0
21570
43140
64710
86280
107850
129420
150990
172560
194130
0
20221
40442
60663
80884
101105
121326
141547
161768
181989
202210
0
21570
43140
64710
86280
107850
129420
150990
172560
194130
0
20221
40442
60663
80884
101105
121326
141547
161768
181989
202210
0
21570
43140
64710
86280
107850
129420
150990
172560
194130
0
20221
40442
60663
80884
101105
121326
141547
161768
181989
202210
0
21570
43140
64710
86280
107850
129420
150990
172560
194130
0
20221
40442
60663
80884
101105
121326
141547
161768
181989
202210
0
21570
43140
64710
86280
107850
129420
150990
172560
194130
0
20221
40442
60663
80884
101105
121326
141547
161768
181989
202210
0
21570
43140
64710
86280
107850
129420
150990
172560
194130
215700
0
20221
40442
60663
80884
101105
121326
141547
161768
181989
202210
0
21570
43140
64710
86280
107850
129420
150990
172560
194130
0
20221
40442
60663
80884
101105
121326
141547
161768
181989
202210
0
21570
43140
64710
86280
107850
129420
150990
172560
194130
0
20221
40442
60663
80884
101105
121326
141547
161768
181989
202210
0
21570
43140
64710
86280
107850
129420
150990
172560
194130
0
20221
40442
60663
80884
101105
121326
141547
161768
181989
202210
0
21570
43140
64710
86280
107850
129420
150990
172560
194130
0
20221
40442
60663
80884
101105
121326
141547
161768
181989
202210
0
21570
43140
64710
86280
107850
129420
150990
172560
194130
0
20221
40442
60663
80884
101105
121326
141547
161768
181989
202210
0
21570
43140
64710
86280
107850
129420
150990
172560
194130
0
20221
40442
60663
80884
101105
121326
141547
161768
181989
202210
0
21570
43140
64710
86280
107850
129420
150990
172560
194130
0
20221
40442
60663
80884
101105
121326
141547
161768
181989
202210
0
21570
43140
64710
86280
107850
129420
150990
172560
194130
0
20221
40442
60663
80884
101105
121326
141547
161768
181989
202210
0
21570
43140
64710
86280
107850
129420
150990
172560
194130
0
20221
40442
60663
80884
101105
121326
141547
161768
181989
202210
0
21570
43140
64710
86280
107850
129420
150990
172560
194130
0
20221
40442
60663
80884
101105
121326
141547
161768
181989
202210
0
21570
43140
64710
86280
107850
129420
150990
172560
194130
0
20221
40442
60663
80884
101105
121326
141547
161768
181989
202210
0
21570
43140
64710
86280
107850
129420
150990
172560
194130
215700
0
20221
40442
60663
80884
101105
121326
141547
161768
181989
202210
0
21570
43140
64710
86280
107850
129420
150990
172560
194130
0
20221
40442
60663
80884
101105
121326
141547
161768
181989
202210
0
21570
43140
64710
86280
107850
129420
150990
172560
194130
0
20221
40442
60663
80884
101105
121326
141547
161768
181989
202210
0
21570
43140
64710
86280
107850
129420
150990
172560
194130
0
20221
40442
60663
80884
101105
121326
141547
161768
181989
202210
0
21570
43140
64710
86280
107850
129420
150990
172560
194130
0
20221
40442
60663
80884
101105
121326
141547
161768
181989
202210
0
21570
43140
64710
86280
107850
129420
150990
172560
194130
0
20221
40442
60663
80884
101105
121326
141547
161768
181989
202210
0
21570
43140
64710
86280
107850
129420
150990
172560
194130
0
20221
40442
60663
80884
101105
121326
141547
161768
181989
202210
0
21570
43140
64710
86280
107850
129420
150990
172560
194130
0
20221
40442
60663
80884
101105
121326
141547
161768
181989
202210
0
21570
43140
64710
86280
107850
129420
150990
172560
194130
0
20221
40442
60663
80884
101105
121326
141547
161768
181989
202210
0
21570
43140
64710
86280
107850
129420
150990
172560
194130
0
20221
40442
60663
80884
101105
121326
141547
161768
181989
202210
0
21570
43140
64710
86280
107850
129420
150990
172560
194130
