Processing year 2005, season AMJ
Reading data
Number of elements in W triangular:
7351695.0
Length of the parallelised arrays of w:
(229741,)
Computing distances between initial conditions
Computing distances between final conditions
0
22974
45948
68922
91896
114870
137844
160818
183792
206766
229740
0
22974
45948
68922
91896
114870
137844
160818
183792
206766
0
22974
45948
68922
91896
114870
137844
160818
183792
206766
229740
0
22974
45948
68922
91896
114870
137844
160818
183792
206766
229740
0
22974
45948
68922
91896
114870
137844
160818
183792
206766
0
22974
45948
68922
91896
114870
137844
160818
183792
206766
229740
0
22974
45948
68922
91896
114870
137844
160818
183792
206766
229740
0
22974
45948
68922
91896
114870
137844
160818
183792
206766
229740
0
22974
45948
68922
91896
114870
137844
160818
183792
206766
0
22974
45948
68922
91896
114870
137844
160818
183792
206766
229740
0
22974
45948
68922
91896
114870
137844
160818
183792
206766
229740
0
22974
45948
68922
91896
114870
137844
160818
183792
206766
229740
0
22974
45948
68922
91896
114870
137844
160818
183792
206766
0
22974
45948
68922
91896
114870
137844
160818
183792
206766
229740
0
22974
45948
68922
91896
114870
137844
160818
183792
206766
0
22974
45948
68922
91896
114870
137844
160818
183792
206766
0
22974
45948
68922
91896
114870
137844
160818
183792
206766
0
22974
45948
68922
91896
114870
137844
160818
183792
206766
0
22974
45948
68922
91896
114870
137844
160818
183792
206766
0
22974
45948
68922
91896
114870
137844
160818
183792
206766
0
22974
45948
68922
91896
114870
137844
160818
183792
206766
229740
0
22974
45948
68922
91896
114870
137844
160818
183792
206766
229740
0
22974
45948
68922
91896
114870
137844
160818
183792
206766
0
22974
45948
68922
91896
114870
137844
160818
183792
206766
0
22974
45948
68922
91896
114870
137844
160818
183792
206766
0
22974
45948
68922
91896
114870
137844
160818
183792
206766
0
22974
45948
68922
91896
114870
137844
160818
183792
206766
229740
0
22974
45948
68922
91896
114870
137844
160818
183792
206766
0
22974
45948
68922
91896
114870
137844
160818
183792
206766
229740
0
22974
45948
68922
91896
114870
137844
160818
183792
206766
0
22974
45948
68922
91896
114870
137844
160818
183792
206766
0
22974
45948
68922
91896
114870
137844
160818
183792
206766
0
22974
45948
68922
91896
114870
137844
160818
183792
206766
0
22974
45948
68922
91896
114870
137844
160818
183792
206766
0
22974
45948
68922
91896
114870
137844
160818
183792
206766
0
22974
45948
68922
91896
114870
137844
160818
183792
206766
0
22974
45948
68922
91896
114870
137844
160818
183792
206766
229740
0
22974
45948
68922
91896
114870
137844
160818
183792
206766
229740
0
22974
45948
68922
91896
114870
137844
160818
183792
206766
229740
0
22974
45948
68922
91896
114870
137844
160818
183792
206766
0
22974
45948
68922
91896
114870
137844
160818
183792
206766
229740
0
22974
45948
68922
91896
114870
137844
160818
183792
206766
229740
0
22974
45948
68922
91896
114870
137844
160818
183792
206766
0
22974
45948
68922
91896
114870
137844
160818
183792
206766
229740
0
22974
45948
68922
91896
114870
137844
160818
183792
206766
0
22974
45948
68922
91896
114870
137844
160818
183792
206766
0
22974
45948
68922
91896
114870
137844
160818
183792
206766
229740
0
22974
45948
68922
91896
114870
137844
160818
183792
206766
229740
0
22974
45948
68922
91896
114870
137844
160818
183792
206766
0
22974
45948
68922
91896
114870
137844
160818
183792
206766
229740
0
22974
45948
68922
91896
114870
137844
160818
183792
206766
229740
0
22974
45948
68922
91896
114870
137844
160818
183792
206766
0
22974
45948
68922
91896
114870
137844
160818
183792
206766
229740
0
22974
45948
68922
91896
114870
137844
160818
183792
206766
229740
0
22974
45948
68922
91896
114870
137844
160818
183792
206766
229740
0
22974
45948
68922
91896
114870
137844
160818
183792
206766
0
22974
45948
68922
91896
114870
137844
160818
183792
206766
0
22974
45948
68922
91896
114870
137844
160818
183792
206766
0
22974
45948
68922
91896
114870
137844
160818
183792
206766
0
22974
45948
68922
91896
114870
137844
160818
183792
206766
0
22974
45948
68922
91896
114870
137844
160818
183792
206766
0
22974
45948
68922
91896
114870
137844
160818
183792
206766
229740
0
22974
45948
68922
91896
114870
137844
160818
183792
206766
229740
0
22974
45948
68922
91896
114870
137844
160818
183792
206766
229740
