Processing year 2003, season OND
Reading data
shape of land mask
(492, 499)
Number of elements in W triangular:
2189278.0
Length of the parallelised arrays of w:
(68415,)
Computing the similarity matrix with the parallel loop
0
6841
13682
20523
27364
34205
41046
47887
54728
61569
68410
0
6841
13682
20523
27364
34205
41046
47887
54728
61569
68410
Number of elements in W triangular:
2189278.0
Length of the parallelised arrays of w:
(72976,)
Computing the similarity matrix with the parallel loop
0
6841
13682
20523
27364
34205
41046
47887
54728
61569
68410
0
7297
14594
21891
29188
36485
43782
51079
58376
65673
72970
0
6841
13682
20523
27364
34205
41046
47887
54728
61569
68410
0
7297
14594
21891
29188
36485
43782
51079
58376
65673
72970
0
6841
13682
20523
27364
34205
41046
47887
54728
61569
68410
0
7297
14594
21891
29188
36485
43782
51079
58376
65673
72970
0
6841
13682
20523
27364
34205
41046
47887
54728
61569
68410
0
7297
14594
21891
29188
36485
43782
51079
58376
65673
72970
0
6841
13682
20523
27364
34205
41046
47887
54728
61569
68410
0
7297
14594
21891
29188
36485
43782
51079
58376
65673
72970
0
6841
13682
20523
27364
34205
41046
47887
54728
61569
68410
0
7297
14594
21891
29188
36485
43782
51079
58376
65673
72970
0
6841
13682
20523
27364
34205
41046
47887
54728
61569
68410
0
7297
14594
21891
29188
36485
43782
51079
58376
65673
72970
0
6841
13682
20523
27364
34205
41046
47887
54728
61569
68410
0
7297
14594
21891
29188
36485
43782
51079
58376
65673
72970
0
6841
13682
20523
27364
34205
41046
47887
54728
61569
68410
0
7297
14594
21891
29188
36485
43782
51079
58376
65673
72970
0
6841
13682
20523
27364
34205
41046
47887
54728
61569
68410
0
7297
14594
21891
29188
36485
43782
51079
58376
65673
72970
0
6841
13682
20523
27364
34205
41046
47887
54728
61569
68410
0
7297
14594
21891
29188
36485
43782
51079
58376
65673
72970
0
6841
13682
20523
27364
34205
41046
47887
54728
61569
68410
0
7297
14594
21891
29188
36485
43782
51079
58376
65673
72970
0
6841
13682
20523
27364
34205
41046
47887
54728
61569
68410
0
7297
14594
21891
29188
36485
43782
51079
58376
65673
72970
0
6841
13682
20523
27364
34205
41046
47887
54728
61569
68410
0
7297
14594
21891
29188
36485
43782
51079
58376
65673
72970
0
6841
13682
20523
27364
34205
41046
47887
54728
61569
68410
0
7297
14594
21891
29188
36485
43782
51079
58376
65673
72970
0
6841
13682
20523
27364
34205
41046
47887
54728
61569
68410
0
7297
14594
21891
29188
36485
43782
51079
58376
65673
72970
0
6841
13682
20523
27364
34205
41046
47887
54728
61569
68410
0
7297
14594
21891
29188
36485
43782
51079
58376
65673
72970
0
6841
13682
20523
27364
34205
41046
47887
54728
61569
68410
0
7297
14594
21891
29188
36485
43782
51079
58376
65673
72970
0
6841
13682
20523
27364
34205
41046
47887
54728
61569
68410
0
7297
14594
21891
29188
36485
43782
51079
58376
65673
72970
0
6841
13682
20523
27364
34205
41046
47887
54728
61569
68410
0
7297
14594
21891
29188
36485
43782
51079
58376
65673
72970
0
6841
13682
20523
27364
34205
41046
47887
54728
61569
68410
0
7297
14594
21891
29188
36485
43782
51079
58376
65673
72970
0
6841
13682
20523
27364
34205
41046
47887
54728
61569
68410
0
7297
14594
21891
29188
36485
43782
51079
58376
65673
72970
0
6841
13682
20523
27364
34205
41046
47887
54728
61569
68410
0
7297
14594
21891
29188
36485
43782
51079
58376
65673
72970
0
6841
13682
20523
27364
34205
41046
47887
54728
61569
68410
0
7297
14594
21891
29188
36485
43782
51079
58376
65673
72970
0
6841
13682
20523
27364
34205
41046
47887
54728
61569
68410
0
7297
14594
21891
29188
36485
43782
51079
58376
65673
72970
0
6841
13682
20523
27364
34205
41046
47887
54728
61569
68410
0
7297
14594
21891
29188
36485
43782
51079
58376
65673
72970
0
6841
13682
20523
27364
34205
41046
47887
54728
61569
68410
0
7297
14594
21891
29188
36485
43782
51079
58376
65673
72970
0
6841
13682
20523
27364
34205
41046
47887
54728
61569
68410
0
7297
14594
21891
29188
36485
43782
51079
58376
65673
72970
0
6841
13682
20523
27364
34205
41046
47887
54728
61569
68410
0
7297
14594
21891
29188
36485
43782
51079
58376
65673
72970
0
6841
13682
20523
27364
34205
41046
47887
54728
61569
68410
0
7297
14594
21891
29188
36485
43782
51079
58376
65673
72970
