Processing year 2002, season JFM
Reading data
shape of land mask
(492, 499)
Number of elements in W triangular:
6641190.0
Length of the parallelised arrays of w:
(207538,)
Computing the similarity matrix with the parallel loop
0
20753
41506
62259
83012
103765
124518
145271
166024
186777
207530
0
20753
41506
62259
83012
103765
124518
145271
166024
186777
207530
Number of elements in W triangular:
6641190.0
Length of the parallelised arrays of w:
(221373,)
Computing the similarity matrix with the parallel loop
0
20753
41506
62259
83012
103765
124518
145271
166024
186777
207530
0
22137
44274
66411
88548
110685
132822
154959
177096
199233
221370
0
20753
41506
62259
83012
103765
124518
145271
166024
186777
207530
0
22137
44274
66411
88548
110685
132822
154959
177096
199233
221370
0
20753
41506
62259
83012
103765
124518
145271
166024
186777
207530
0
22137
44274
66411
88548
110685
132822
154959
177096
199233
221370
0
20753
41506
62259
83012
103765
124518
145271
166024
186777
207530
0
22137
44274
66411
88548
110685
132822
154959
177096
199233
221370
0
20753
41506
62259
83012
103765
124518
145271
166024
186777
207530
0
22137
44274
66411
88548
110685
132822
154959
177096
199233
221370
0
20753
41506
62259
83012
103765
124518
145271
166024
186777
207530
0
22137
44274
66411
88548
110685
132822
154959
177096
199233
221370
0
20753
41506
62259
83012
103765
124518
145271
166024
186777
207530
0
22137
44274
66411
88548
110685
132822
154959
177096
199233
221370
0
20753
41506
62259
83012
103765
124518
145271
166024
186777
207530
0
22137
44274
66411
88548
110685
132822
154959
177096
199233
221370
0
20753
41506
62259
83012
103765
124518
145271
166024
186777
207530
0
22137
44274
66411
88548
110685
132822
154959
177096
199233
221370
0
20753
41506
62259
83012
103765
124518
145271
166024
186777
207530
0
22137
44274
66411
88548
110685
132822
154959
177096
199233
221370
0
20753
41506
62259
83012
103765
124518
145271
166024
186777
207530
0
22137
44274
66411
88548
110685
132822
154959
177096
199233
221370
0
20753
41506
62259
83012
103765
124518
145271
166024
186777
207530
0
22137
44274
66411
88548
110685
132822
154959
177096
199233
221370
0
20753
41506
62259
83012
103765
124518
145271
166024
186777
207530
0
22137
44274
66411
88548
110685
132822
154959
177096
199233
221370
0
20753
41506
62259
83012
103765
124518
145271
166024
186777
207530
0
22137
44274
66411
88548
110685
132822
154959
177096
199233
221370
0
20753
41506
62259
83012
103765
124518
145271
166024
186777
207530
0
22137
44274
66411
88548
110685
132822
154959
177096
199233
221370
0
20753
41506
62259
83012
103765
124518
145271
166024
186777
207530
0
22137
44274
66411
88548
110685
132822
154959
177096
199233
221370
0
20753
41506
62259
83012
103765
124518
145271
166024
186777
207530
0
22137
44274
66411
88548
110685
132822
154959
177096
199233
221370
0
20753
41506
62259
83012
103765
124518
145271
166024
186777
207530
0
22137
44274
66411
88548
110685
132822
154959
177096
199233
221370
0
20753
41506
62259
83012
103765
124518
145271
166024
186777
207530
0
22137
44274
66411
88548
110685
132822
154959
177096
199233
221370
0
20753
41506
62259
83012
103765
124518
145271
166024
186777
207530
0
22137
44274
66411
88548
110685
132822
154959
177096
199233
221370
0
20753
41506
62259
83012
103765
124518
145271
166024
186777
207530
0
22137
44274
66411
88548
110685
132822
154959
177096
199233
221370
0
20753
41506
62259
83012
103765
124518
145271
166024
186777
207530
0
22137
44274
66411
88548
110685
132822
154959
177096
199233
221370
0
20753
41506
62259
83012
103765
124518
145271
166024
186777
207530
0
22137
44274
66411
88548
110685
132822
154959
177096
199233
221370
0
20753
41506
62259
83012
103765
124518
145271
166024
186777
207530
0
22137
44274
66411
88548
110685
132822
154959
177096
199233
221370
0
20753
41506
62259
83012
103765
124518
145271
166024
186777
207530
0
22137
44274
66411
88548
110685
132822
154959
177096
199233
221370
0
20753
41506
62259
83012
103765
124518
145271
166024
186777
207530
0
22137
44274
66411
88548
110685
132822
154959
177096
199233
221370
0
20753
41506
62259
83012
103765
124518
145271
166024
186777
207530
0
22137
44274
66411
88548
110685
132822
154959
177096
199233
221370
0
20753
41506
62259
83012
103765
124518
145271
166024
186777
207530
0
22137
44274
66411
88548
110685
132822
154959
177096
199233
221370
0
20753
41506
62259
83012
103765
124518
145271
166024
186777
207530
0
22137
44274
66411
88548
110685
132822
154959
177096
199233
221370
0
20753
41506
62259
83012
103765
124518
145271
166024
186777
207530
0
22137
44274
66411
88548
110685
132822
154959
177096
199233
221370
