Processing year 2001, season JFM
Reading data
shape of land mask
(492, 499)
Number of elements in W triangular:
6706953.0
Length of the parallelised arrays of w:
(209593,)
Computing the similarity matrix with the parallel loop
0
20959
41918
62877
83836
104795
125754
146713
167672
188631
209590
0
20959
41918
62877
83836
104795
125754
146713
167672
188631
209590
Number of elements in W triangular:
6706953.0
Length of the parallelised arrays of w:
(223566,)
Computing the similarity matrix with the parallel loop
0
20959
41918
62877
83836
104795
125754
146713
167672
188631
209590
0
22356
44712
67068
89424
111780
134136
156492
178848
201204
223560
0
20959
41918
62877
83836
104795
125754
146713
167672
188631
209590
0
22356
44712
67068
89424
111780
134136
156492
178848
201204
223560
0
20959
41918
62877
83836
104795
125754
146713
167672
188631
209590
0
22356
44712
67068
89424
111780
134136
156492
178848
201204
223560
0
20959
41918
62877
83836
104795
125754
146713
167672
188631
209590
0
22356
44712
67068
89424
111780
134136
156492
178848
201204
223560
0
20959
41918
62877
83836
104795
125754
146713
167672
188631
209590
0
22356
44712
67068
89424
111780
134136
156492
178848
201204
223560
0
20959
41918
62877
83836
104795
125754
146713
167672
188631
209590
0
22356
44712
67068
89424
111780
134136
156492
178848
201204
223560
0
20959
41918
62877
83836
104795
125754
146713
167672
188631
209590
0
22356
44712
67068
89424
111780
134136
156492
178848
201204
223560
0
20959
41918
62877
83836
104795
125754
146713
167672
188631
209590
0
22356
44712
67068
89424
111780
134136
156492
178848
201204
223560
0
20959
41918
62877
83836
104795
125754
146713
167672
188631
209590
0
22356
44712
67068
89424
111780
134136
156492
178848
201204
223560
0
20959
41918
62877
83836
104795
125754
146713
167672
188631
209590
0
22356
44712
67068
89424
111780
134136
156492
178848
201204
223560
0
20959
41918
62877
83836
104795
125754
146713
167672
188631
209590
0
22356
44712
67068
89424
111780
134136
156492
178848
201204
223560
0
20959
41918
62877
83836
104795
125754
146713
167672
188631
209590
0
22356
44712
67068
89424
111780
134136
156492
178848
201204
223560
0
20959
41918
62877
83836
104795
125754
146713
167672
188631
209590
0
22356
44712
67068
89424
111780
134136
156492
178848
201204
223560
0
20959
41918
62877
83836
104795
125754
146713
167672
188631
209590
0
22356
44712
67068
89424
111780
134136
156492
178848
201204
223560
0
20959
41918
62877
83836
104795
125754
146713
167672
188631
209590
0
22356
44712
67068
89424
111780
134136
156492
178848
201204
223560
0
20959
41918
62877
83836
104795
125754
146713
167672
188631
209590
0
22356
44712
67068
89424
111780
134136
156492
178848
201204
223560
0
20959
41918
62877
83836
104795
125754
146713
167672
188631
209590
0
22356
44712
67068
89424
111780
134136
156492
178848
201204
223560
0
20959
41918
62877
83836
104795
125754
146713
167672
188631
209590
0
22356
44712
67068
89424
111780
134136
156492
178848
201204
223560
0
20959
41918
62877
83836
104795
125754
146713
167672
188631
209590
0
22356
44712
67068
89424
111780
134136
156492
178848
201204
223560
0
20959
41918
62877
83836
104795
125754
146713
167672
188631
209590
0
22356
44712
67068
89424
111780
134136
156492
178848
201204
223560
0
20959
41918
62877
83836
104795
125754
146713
167672
188631
209590
0
22356
44712
67068
89424
111780
134136
156492
178848
201204
223560
0
20959
41918
62877
83836
104795
125754
146713
167672
188631
209590
0
22356
44712
67068
89424
111780
134136
156492
178848
201204
223560
0
20959
41918
62877
83836
104795
125754
146713
167672
188631
209590
0
22356
44712
67068
89424
111780
134136
156492
178848
201204
223560
0
20959
41918
62877
83836
104795
125754
146713
167672
188631
209590
0
22356
44712
67068
89424
111780
134136
156492
178848
201204
223560
0
20959
41918
62877
83836
104795
125754
146713
167672
188631
209590
0
22356
44712
67068
89424
111780
134136
156492
178848
201204
223560
0
20959
41918
62877
83836
104795
125754
146713
167672
188631
209590
0
22356
44712
67068
89424
111780
134136
156492
178848
201204
223560
0
20959
41918
62877
83836
104795
125754
146713
167672
188631
209590
0
22356
44712
67068
89424
111780
134136
156492
178848
201204
223560
0
20959
41918
62877
83836
104795
125754
146713
167672
188631
209590
0
22356
44712
67068
89424
111780
134136
156492
178848
201204
223560
0
20959
41918
62877
83836
104795
125754
146713
167672
188631
209590
0
22356
44712
67068
89424
111780
134136
156492
178848
201204
223560
0
20959
41918
62877
83836
104795
125754
146713
167672
188631
209590
0
22356
44712
67068
89424
111780
134136
156492
178848
201204
223560
