Processing year 2008, season JAS
Reading data
shape of land mask
(492, 499)
Number of elements in W triangular:
5067336.0
Length of the parallelised arrays of w:
(158355,)
Computing the similarity matrix with the parallel loop
0
15835
31670
47505
63340
79175
95010
110845
126680
142515
158350
0
15835
31670
47505
63340
79175
95010
110845
126680
142515
158350
Number of elements in W triangular:
5067336.0
Length of the parallelised arrays of w:
(168912,)
Computing the similarity matrix with the parallel loop
0
15835
31670
47505
63340
79175
95010
110845
126680
142515
158350
0
16891
33782
50673
67564
84455
101346
118237
135128
152019
168910
0
15835
31670
47505
63340
79175
95010
110845
126680
142515
158350
0
16891
33782
50673
67564
84455
101346
118237
135128
152019
168910
0
15835
31670
47505
63340
79175
95010
110845
126680
142515
158350
0
16891
33782
50673
67564
84455
101346
118237
135128
152019
168910
0
15835
31670
47505
63340
79175
95010
110845
126680
142515
158350
0
16891
33782
50673
67564
84455
101346
118237
135128
152019
168910
0
15835
31670
47505
63340
79175
95010
110845
126680
142515
158350
0
16891
33782
50673
67564
84455
101346
118237
135128
152019
168910
0
15835
31670
47505
63340
79175
95010
110845
126680
142515
158350
0
16891
33782
50673
67564
84455
101346
118237
135128
152019
168910
0
15835
31670
47505
63340
79175
95010
110845
126680
142515
158350
0
16891
33782
50673
67564
84455
101346
118237
135128
152019
168910
0
15835
31670
47505
63340
79175
95010
110845
126680
142515
158350
0
16891
33782
50673
67564
84455
101346
118237
135128
152019
168910
0
15835
31670
47505
63340
79175
95010
110845
126680
142515
158350
0
16891
33782
50673
67564
84455
101346
118237
135128
152019
168910
0
15835
31670
47505
63340
79175
95010
110845
126680
142515
158350
0
16891
33782
50673
67564
84455
101346
118237
135128
152019
168910
0
15835
31670
47505
63340
79175
95010
110845
126680
142515
158350
0
16891
33782
50673
67564
84455
101346
118237
135128
152019
168910
0
15835
31670
47505
63340
79175
95010
110845
126680
142515
158350
0
16891
33782
50673
67564
84455
101346
118237
135128
152019
168910
0
15835
31670
47505
63340
79175
95010
110845
126680
142515
158350
0
16891
33782
50673
67564
84455
101346
118237
135128
152019
168910
0
15835
31670
47505
63340
79175
95010
110845
126680
142515
158350
0
16891
33782
50673
67564
84455
101346
118237
135128
152019
168910
0
15835
31670
47505
63340
79175
95010
110845
126680
142515
158350
0
16891
33782
50673
67564
84455
101346
118237
135128
152019
168910
0
15835
31670
47505
63340
79175
95010
110845
126680
142515
158350
0
16891
33782
50673
67564
84455
101346
118237
135128
152019
168910
0
15835
31670
47505
63340
79175
95010
110845
126680
142515
158350
0
16891
33782
50673
67564
84455
101346
118237
135128
152019
168910
0
15835
31670
47505
63340
79175
95010
110845
126680
142515
158350
0
16891
33782
50673
67564
84455
101346
118237
135128
152019
168910
0
15835
31670
47505
63340
79175
95010
110845
126680
142515
158350
0
16891
33782
50673
67564
84455
101346
118237
135128
152019
168910
0
15835
31670
47505
63340
79175
95010
110845
126680
142515
158350
0
16891
33782
50673
67564
84455
101346
118237
135128
152019
168910
0
15835
31670
47505
63340
79175
95010
110845
126680
142515
158350
0
16891
33782
50673
67564
84455
101346
118237
135128
152019
168910
0
15835
31670
47505
63340
79175
95010
110845
126680
142515
158350
0
16891
33782
50673
67564
84455
101346
118237
135128
152019
168910
0
15835
31670
47505
63340
79175
95010
110845
126680
142515
158350
0
16891
33782
50673
67564
84455
101346
118237
135128
152019
168910
0
15835
31670
47505
63340
79175
95010
110845
126680
142515
158350
0
16891
33782
50673
67564
84455
101346
118237
135128
152019
168910
0
15835
31670
47505
63340
79175
95010
110845
126680
142515
158350
0
16891
33782
50673
67564
84455
101346
118237
135128
152019
168910
0
15835
31670
47505
63340
79175
95010
110845
126680
142515
158350
0
16891
33782
50673
67564
84455
101346
118237
135128
152019
168910
0
15835
31670
47505
63340
79175
95010
110845
126680
142515
158350
0
16891
33782
50673
67564
84455
101346
118237
135128
152019
168910
0
15835
31670
47505
63340
79175
95010
110845
126680
142515
158350
0
16891
33782
50673
67564
84455
101346
118237
135128
152019
168910
0
15835
31670
47505
63340
79175
95010
110845
126680
142515
158350
0
16891
33782
50673
67564
84455
101346
118237
135128
152019
168910
0
15835
31670
47505
63340
79175
95010
110845
126680
142515
158350
0
16891
33782
50673
67564
84455
101346
118237
135128
152019
168910
