Processing year 2005, season OND
Reading data
shape of land mask
(492, 499)
Number of elements in W triangular:
1624503.0
Length of the parallelised arrays of w:
(50766,)
Computing the similarity matrix with the parallel loop
0
5076
10152
15228
20304
25380
30456
35532
40608
45684
50760
0
5076
10152
15228
20304
25380
30456
35532
40608
45684
50760
Number of elements in W triangular:
1624503.0
Length of the parallelised arrays of w:
(54151,)
Computing the similarity matrix with the parallel loop
0
5076
10152
15228
20304
25380
30456
35532
40608
45684
50760
0
5415
10830
16245
21660
27075
32490
37905
43320
48735
54150
0
5076
10152
15228
20304
25380
30456
35532
40608
45684
50760
0
5415
10830
16245
21660
27075
32490
37905
43320
48735
0
5076
10152
15228
20304
25380
30456
35532
40608
45684
50760
0
5415
10830
16245
21660
27075
32490
37905
43320
48735
0
5076
10152
15228
20304
25380
30456
35532
40608
45684
50760
0
5415
10830
16245
21660
27075
32490
37905
43320
48735
0
5076
10152
15228
20304
25380
30456
35532
40608
45684
50760
0
5415
10830
16245
21660
27075
32490
37905
43320
48735
0
5076
10152
15228
20304
25380
30456
35532
40608
45684
50760
0
5415
10830
16245
21660
27075
32490
37905
43320
48735
54150
0
5076
10152
15228
20304
25380
30456
35532
40608
45684
50760
0
5415
10830
16245
21660
27075
32490
37905
43320
48735
0
5076
10152
15228
20304
25380
30456
35532
40608
45684
50760
0
5415
10830
16245
21660
27075
32490
37905
43320
48735
0
5076
10152
15228
20304
25380
30456
35532
40608
45684
50760
0
5415
10830
16245
21660
27075
32490
37905
43320
48735
0
5076
10152
15228
20304
25380
30456
35532
40608
45684
50760
0
5415
10830
16245
21660
27075
32490
37905
43320
48735
0
5076
10152
15228
20304
25380
30456
35532
40608
45684
50760
0
5415
10830
16245
21660
27075
32490
37905
43320
48735
0
5076
10152
15228
20304
25380
30456
35532
40608
45684
50760
0
5415
10830
16245
21660
27075
32490
37905
43320
48735
54150
0
5076
10152
15228
20304
25380
30456
35532
40608
45684
50760
0
5415
10830
16245
21660
27075
32490
37905
43320
48735
0
5076
10152
15228
20304
25380
30456
35532
40608
45684
50760
0
5415
10830
16245
21660
27075
32490
37905
43320
48735
0
5076
10152
15228
20304
25380
30456
35532
40608
45684
50760
0
5415
10830
16245
21660
27075
32490
37905
43320
48735
0
5076
10152
15228
20304
25380
30456
35532
40608
45684
50760
0
5415
10830
16245
21660
27075
32490
37905
43320
48735
0
5076
10152
15228
20304
25380
30456
35532
40608
45684
50760
0
5415
10830
16245
21660
27075
32490
37905
43320
48735
0
5076
10152
15228
20304
25380
30456
35532
40608
45684
50760
0
5415
10830
16245
21660
27075
32490
37905
43320
48735
0
5076
10152
15228
20304
25380
30456
35532
40608
45684
50760
0
5415
10830
16245
21660
27075
32490
37905
43320
48735
0
5076
10152
15228
20304
25380
30456
35532
40608
45684
50760
0
5415
10830
16245
21660
27075
32490
37905
43320
48735
0
5076
10152
15228
20304
25380
30456
35532
40608
45684
50760
0
5415
10830
16245
21660
27075
32490
37905
43320
48735
0
5076
10152
15228
20304
25380
30456
35532
40608
45684
50760
0
5415
10830
16245
21660
27075
32490
37905
43320
48735
0
5076
10152
15228
20304
25380
30456
35532
40608
45684
50760
0
5415
10830
16245
21660
27075
32490
37905
43320
48735
0
5076
10152
15228
20304
25380
30456
35532
40608
45684
50760
0
5415
10830
16245
21660
27075
32490
37905
43320
48735
0
5076
10152
15228
20304
25380
30456
35532
40608
45684
50760
0
5415
10830
16245
21660
27075
32490
37905
43320
48735
0
5076
10152
15228
20304
25380
30456
35532
40608
45684
50760
0
5415
10830
16245
21660
27075
32490
37905
43320
48735
0
5076
10152
15228
20304
25380
30456
35532
40608
45684
50760
0
5415
10830
16245
21660
27075
32490
37905
43320
48735
0
5076
10152
15228
20304
25380
30456
35532
40608
45684
50760
0
5415
10830
16245
21660
27075
32490
37905
43320
48735
0
5076
10152
15228
20304
25380
30456
35532
40608
45684
50760
0
5415
10830
16245
21660
27075
32490
37905
43320
48735
0
5076
10152
15228
20304
25380
30456
35532
40608
45684
50760
0
5415
10830
16245
21660
27075
32490
37905
43320
48735
