Processing year 2009, season JAS
Reading data
shape of land mask
(492, 499)
Number of elements in W triangular:
5305653.0
Length of the parallelised arrays of w:
(165802,)
Computing the similarity matrix with the parallel loop
0
16580
33160
49740
66320
82900
99480
116060
132640
149220
165800
0
16580
33160
49740
66320
82900
99480
116060
132640
149220
165800
Number of elements in W triangular:
5305653.0
Length of the parallelised arrays of w:
(176856,)
Computing the similarity matrix with the parallel loop
0
16580
33160
49740
66320
82900
99480
116060
132640
149220
165800
0
17685
35370
53055
70740
88425
106110
123795
141480
159165
176850
0
16580
33160
49740
66320
82900
99480
116060
132640
149220
165800
0
17685
35370
53055
70740
88425
106110
123795
141480
159165
176850
0
16580
33160
49740
66320
82900
99480
116060
132640
149220
165800
0
17685
35370
53055
70740
88425
106110
123795
141480
159165
176850
0
16580
33160
49740
66320
82900
99480
116060
132640
149220
165800
0
17685
35370
53055
70740
88425
106110
123795
141480
159165
176850
0
16580
33160
49740
66320
82900
99480
116060
132640
149220
165800
0
17685
35370
53055
70740
88425
106110
123795
141480
159165
176850
0
16580
33160
49740
66320
82900
99480
116060
132640
149220
165800
0
17685
35370
53055
70740
88425
106110
123795
141480
159165
176850
0
16580
33160
49740
66320
82900
99480
116060
132640
149220
165800
0
17685
35370
53055
70740
88425
106110
123795
141480
159165
176850
0
16580
33160
49740
66320
82900
99480
116060
132640
149220
165800
0
17685
35370
53055
70740
88425
106110
123795
141480
159165
176850
0
16580
33160
49740
66320
82900
99480
116060
132640
149220
165800
0
17685
35370
53055
70740
88425
106110
123795
141480
159165
176850
0
16580
33160
49740
66320
82900
99480
116060
132640
149220
165800
0
17685
35370
53055
70740
88425
106110
123795
141480
159165
176850
0
16580
33160
49740
66320
82900
99480
116060
132640
149220
165800
0
17685
35370
53055
70740
88425
106110
123795
141480
159165
176850
0
16580
33160
49740
66320
82900
99480
116060
132640
149220
165800
0
17685
35370
53055
70740
88425
106110
123795
141480
159165
176850
0
16580
33160
49740
66320
82900
99480
116060
132640
149220
165800
0
17685
35370
53055
70740
88425
106110
123795
141480
159165
176850
0
16580
33160
49740
66320
82900
99480
116060
132640
149220
165800
0
17685
35370
53055
70740
88425
106110
123795
141480
159165
176850
0
16580
33160
49740
66320
82900
99480
116060
132640
149220
165800
0
17685
35370
53055
70740
88425
106110
123795
141480
159165
176850
0
16580
33160
49740
66320
82900
99480
116060
132640
149220
165800
0
17685
35370
53055
70740
88425
106110
123795
141480
159165
176850
0
16580
33160
49740
66320
82900
99480
116060
132640
149220
165800
0
17685
35370
53055
70740
88425
106110
123795
141480
159165
176850
0
16580
33160
49740
66320
82900
99480
116060
132640
149220
165800
0
17685
35370
53055
70740
88425
106110
123795
141480
159165
176850
0
16580
33160
49740
66320
82900
99480
116060
132640
149220
165800
0
17685
35370
53055
70740
88425
106110
123795
141480
159165
176850
0
16580
33160
49740
66320
82900
99480
116060
132640
149220
165800
0
17685
35370
53055
70740
88425
106110
123795
141480
159165
176850
0
16580
33160
49740
66320
82900
99480
116060
132640
149220
165800
0
17685
35370
53055
70740
88425
106110
123795
141480
159165
176850
0
16580
33160
49740
66320
82900
99480
116060
132640
149220
165800
0
17685
35370
53055
70740
88425
106110
123795
141480
159165
176850
0
16580
33160
49740
66320
82900
99480
116060
132640
149220
165800
0
17685
35370
53055
70740
88425
106110
123795
141480
159165
176850
0
16580
33160
49740
66320
82900
99480
116060
132640
149220
165800
0
17685
35370
53055
70740
88425
106110
123795
141480
159165
176850
0
16580
33160
49740
66320
82900
99480
116060
132640
149220
165800
0
17685
35370
53055
70740
88425
106110
123795
141480
159165
176850
0
16580
33160
49740
66320
82900
99480
116060
132640
149220
165800
0
17685
35370
53055
70740
88425
106110
123795
141480
159165
176850
0
16580
33160
49740
66320
82900
99480
116060
132640
149220
165800
0
17685
35370
53055
70740
88425
106110
123795
141480
159165
176850
0
16580
33160
49740
66320
82900
99480
116060
132640
149220
165800
0
17685
35370
53055
70740
88425
106110
123795
141480
159165
176850
0
16580
33160
49740
66320
82900
99480
116060
132640
149220
165800
0
17685
35370
53055
70740
88425
106110
123795
141480
159165
176850
0
16580
33160
49740
66320
82900
99480
116060
132640
149220
165800
0
17685
35370
53055
70740
88425
106110
123795
141480
159165
176850
