Processing year 2009, season AMJ
Reading data
Number of elements in W triangular:
7417026.0
Length of the parallelised arrays of w:
(231783,)
Computing distances between initial conditions
Computing distances between final conditions
0
23178
46356
69534
92712
115890
139068
162246
185424
208602
231780
0
23178
46356
69534
92712
115890
139068
162246
185424
208602
231780
0
23178
46356
69534
92712
115890
139068
162246
185424
208602
231780
0
23178
46356
69534
92712
115890
139068
162246
185424
208602
231780
0
23178
46356
69534
92712
115890
139068
162246
185424
208602
231780
0
23178
46356
69534
92712
115890
139068
162246
185424
208602
231780
0
23178
46356
69534
92712
115890
139068
162246
185424
208602
231780
0
23178
46356
69534
92712
115890
139068
162246
185424
208602
231780
0
23178
46356
69534
92712
115890
139068
162246
185424
208602
231780
0
23178
46356
69534
92712
115890
139068
162246
185424
208602
231780
0
23178
46356
69534
92712
115890
139068
162246
185424
208602
231780
0
23178
46356
69534
92712
115890
139068
162246
185424
208602
231780
0
23178
46356
69534
92712
115890
139068
162246
185424
208602
231780
0
23178
46356
69534
92712
115890
139068
162246
185424
208602
231780
0
23178
46356
69534
92712
115890
139068
162246
185424
208602
231780
0
23178
46356
69534
92712
115890
139068
162246
185424
208602
231780
0
23178
46356
69534
92712
115890
139068
162246
185424
208602
231780
0
23178
46356
69534
92712
115890
139068
162246
185424
208602
231780
0
23178
46356
69534
92712
115890
139068
162246
185424
208602
231780
0
23178
46356
69534
92712
115890
139068
162246
185424
208602
231780
0
23178
46356
69534
92712
115890
139068
162246
185424
208602
231780
0
23178
46356
69534
92712
115890
139068
162246
185424
208602
231780
0
23178
46356
69534
92712
115890
139068
162246
185424
208602
231780
0
23178
46356
69534
92712
115890
139068
162246
185424
208602
231780
0
23178
46356
69534
92712
115890
139068
162246
185424
208602
231780
0
23178
46356
69534
92712
115890
139068
162246
185424
208602
231780
0
23178
46356
69534
92712
115890
139068
162246
185424
208602
231780
0
23178
46356
69534
92712
115890
139068
162246
185424
208602
231780
0
23178
46356
69534
92712
115890
139068
162246
185424
208602
231780
0
23178
46356
69534
92712
115890
139068
162246
185424
208602
231780
0
23178
46356
69534
92712
115890
139068
162246
185424
208602
231780
0
23178
46356
69534
92712
115890
139068
162246
185424
208602
231780
0
23178
46356
69534
92712
115890
139068
162246
185424
208602
231780
0
23178
46356
69534
92712
115890
139068
162246
185424
208602
231780
0
23178
46356
69534
92712
115890
139068
162246
185424
208602
231780
0
23178
46356
69534
92712
115890
139068
162246
185424
208602
231780
0
23178
46356
69534
92712
115890
139068
162246
185424
208602
231780
0
23178
46356
69534
92712
115890
139068
162246
185424
208602
231780
0
23178
46356
69534
92712
115890
139068
162246
185424
208602
231780
0
23178
46356
69534
92712
115890
139068
162246
185424
208602
231780
0
23178
46356
69534
92712
115890
139068
162246
185424
208602
231780
0
23178
46356
69534
92712
115890
139068
162246
185424
208602
231780
0
23178
46356
69534
92712
115890
139068
162246
185424
208602
231780
0
23178
46356
69534
92712
115890
139068
162246
185424
208602
231780
0
23178
46356
69534
92712
115890
139068
162246
185424
208602
231780
0
23178
46356
69534
92712
115890
139068
162246
185424
208602
231780
0
23178
46356
69534
92712
115890
139068
162246
185424
208602
231780
0
23178
46356
69534
92712
115890
139068
162246
185424
208602
231780
0
23178
46356
69534
92712
115890
139068
162246
185424
208602
231780
0
23178
46356
69534
92712
115890
139068
162246
185424
208602
231780
0
23178
46356
69534
92712
115890
139068
162246
185424
208602
231780
0
23178
46356
69534
92712
115890
139068
162246
185424
208602
231780
0
23178
46356
69534
92712
115890
139068
162246
185424
208602
231780
0
23178
46356
69534
92712
115890
139068
162246
185424
208602
231780
0
23178
46356
69534
92712
115890
139068
162246
185424
208602
231780
0
23178
46356
69534
92712
115890
139068
162246
185424
208602
231780
0
23178
46356
69534
92712
115890
139068
162246
185424
208602
231780
0
23178
46356
69534
92712
115890
139068
162246
185424
208602
231780
0
23178
46356
69534
92712
115890
139068
162246
185424
208602
231780
0
23178
46356
69534
92712
115890
139068
162246
185424
208602
231780
0
23178
46356
69534
92712
115890
139068
162246
185424
208602
231780
0
23178
46356
69534
92712
115890
139068
162246
185424
208602
231780
0
23178
46356
69534
92712
115890
139068
162246
185424
208602
231780
0
23178
46356
69534
92712
115890
139068
162246
185424
208602
231780
