Processing year 2006, season AMJ
Reading data
Number of elements in W triangular:
7252336.0
Length of the parallelised arrays of w:
(226636,)
Computing distances between initial conditions
Computing distances between final conditions
0
22663
45326
67989
90652
113315
135978
158641
181304
203967
226630
0
22663
45326
67989
90652
113315
135978
158641
181304
203967
226630
0
22663
45326
67989
90652
113315
135978
158641
181304
203967
226630
0
22663
45326
67989
90652
113315
135978
158641
181304
203967
226630
0
22663
45326
67989
90652
113315
135978
158641
181304
203967
226630
0
22663
45326
67989
90652
113315
135978
158641
181304
203967
226630
0
22663
45326
67989
90652
113315
135978
158641
181304
203967
226630
0
22663
45326
67989
90652
113315
135978
158641
181304
203967
226630
0
22663
45326
67989
90652
113315
135978
158641
181304
203967
226630
0
22663
45326
67989
90652
113315
135978
158641
181304
203967
226630
0
22663
45326
67989
90652
113315
135978
158641
181304
203967
226630
0
22663
45326
67989
90652
113315
135978
158641
181304
203967
226630
0
22663
45326
67989
90652
113315
135978
158641
181304
203967
226630
0
22663
45326
67989
90652
113315
135978
158641
181304
203967
226630
0
22663
45326
67989
90652
113315
135978
158641
181304
203967
226630
0
22663
45326
67989
90652
113315
135978
158641
181304
203967
226630
0
22663
45326
67989
90652
113315
135978
158641
181304
203967
226630
0
22663
45326
67989
90652
113315
135978
158641
181304
203967
226630
0
22663
45326
67989
90652
113315
135978
158641
181304
203967
226630
0
22663
45326
67989
90652
113315
135978
158641
181304
203967
226630
0
22663
45326
67989
90652
113315
135978
158641
181304
203967
226630
0
22663
45326
67989
90652
113315
135978
158641
181304
203967
226630
0
22663
45326
67989
90652
113315
135978
158641
181304
203967
226630
0
22663
45326
67989
90652
113315
135978
158641
181304
203967
226630
0
22663
45326
67989
90652
113315
135978
158641
181304
203967
226630
0
22663
45326
67989
90652
113315
135978
158641
181304
203967
226630
0
22663
45326
67989
90652
113315
135978
158641
181304
203967
226630
0
22663
45326
67989
90652
113315
135978
158641
181304
203967
226630
0
22663
45326
67989
90652
113315
135978
158641
181304
203967
226630
0
22663
45326
67989
90652
113315
135978
158641
181304
203967
226630
0
22663
45326
67989
90652
113315
135978
158641
181304
203967
226630
0
22663
45326
67989
90652
113315
135978
158641
181304
203967
226630
0
22663
45326
67989
90652
113315
135978
158641
181304
203967
226630
0
22663
45326
67989
90652
113315
135978
158641
181304
203967
226630
0
22663
45326
67989
90652
113315
135978
158641
181304
203967
226630
0
22663
45326
67989
90652
113315
135978
158641
181304
203967
226630
0
22663
45326
67989
90652
113315
135978
158641
181304
203967
226630
0
22663
45326
67989
90652
113315
135978
158641
181304
203967
226630
0
22663
45326
67989
90652
113315
135978
158641
181304
203967
226630
0
22663
45326
67989
90652
113315
135978
158641
181304
203967
226630
0
22663
45326
67989
90652
113315
135978
158641
181304
203967
226630
0
22663
45326
67989
90652
113315
135978
158641
181304
203967
226630
0
22663
45326
67989
90652
113315
135978
158641
181304
203967
226630
0
22663
45326
67989
90652
113315
135978
158641
181304
203967
226630
0
22663
45326
67989
90652
113315
135978
158641
181304
203967
226630
0
22663
45326
67989
90652
113315
135978
158641
181304
203967
226630
0
22663
45326
67989
90652
113315
135978
158641
181304
203967
226630
0
22663
45326
67989
90652
113315
135978
158641
181304
203967
226630
0
22663
45326
67989
90652
113315
135978
158641
181304
203967
226630
0
22663
45326
67989
90652
113315
135978
158641
181304
203967
226630
0
22663
45326
67989
90652
113315
135978
158641
181304
203967
226630
0
22663
45326
67989
90652
113315
135978
158641
181304
203967
226630
0
22663
45326
67989
90652
113315
135978
158641
181304
203967
226630
0
22663
45326
67989
90652
113315
135978
158641
181304
203967
226630
0
22663
45326
67989
90652
113315
135978
158641
181304
203967
226630
0
22663
45326
67989
90652
113315
135978
158641
181304
203967
226630
0
22663
45326
67989
90652
113315
135978
158641
181304
203967
226630
0
22663
45326
67989
90652
113315
135978
158641
181304
203967
226630
0
22663
45326
67989
90652
113315
135978
158641
181304
203967
226630
0
22663
45326
67989
90652
113315
135978
158641
181304
203967
226630
0
22663
45326
67989
90652
113315
135978
158641
181304
203967
226630
0
22663
45326
67989
90652
113315
135978
158641
181304
203967
226630
0
22663
45326
67989
90652
113315
135978
158641
181304
203967
226630
0
22663
45326
67989
90652
113315
135978
158641
181304
203967
226630
