Processing year 2008, season JFM
Reading data
shape of land mask
(492, 499)
Number of elements in W triangular:
6597528.0
Length of the parallelised arrays of w:
(206173,)
Computing the similarity matrix with the parallel loop
0
20617
41234
61851
82468
103085
123702
144319
164936
185553
206170
0
20617
41234
61851
82468
103085
123702
144319
164936
185553
206170
Number of elements in W triangular:
6597528.0
Length of the parallelised arrays of w:
(219918,)
Computing the similarity matrix with the parallel loop
0
20617
41234
61851
82468
103085
123702
144319
164936
185553
206170
0
21991
43982
65973
87964
109955
131946
153937
175928
197919
219910
0
20617
41234
61851
82468
103085
123702
144319
164936
185553
206170
0
21991
43982
65973
87964
109955
131946
153937
175928
197919
219910
0
20617
41234
61851
82468
103085
123702
144319
164936
185553
206170
0
21991
43982
65973
87964
109955
131946
153937
175928
197919
219910
0
20617
41234
61851
82468
103085
123702
144319
164936
185553
206170
0
21991
43982
65973
87964
109955
131946
153937
175928
197919
219910
0
20617
41234
61851
82468
103085
123702
144319
164936
185553
206170
0
21991
43982
65973
87964
109955
131946
153937
175928
197919
219910
0
20617
41234
61851
82468
103085
123702
144319
164936
185553
206170
0
21991
43982
65973
87964
109955
131946
153937
175928
197919
219910
0
20617
41234
61851
82468
103085
123702
144319
164936
185553
206170
0
21991
43982
65973
87964
109955
131946
153937
175928
197919
219910
0
20617
41234
61851
82468
103085
123702
144319
164936
185553
206170
0
21991
43982
65973
87964
109955
131946
153937
175928
197919
219910
0
20617
41234
61851
82468
103085
123702
144319
164936
185553
206170
0
21991
43982
65973
87964
109955
131946
153937
175928
197919
219910
0
20617
41234
61851
82468
103085
123702
144319
164936
185553
206170
0
21991
43982
65973
87964
109955
131946
153937
175928
197919
219910
0
20617
41234
61851
82468
103085
123702
144319
164936
185553
206170
0
21991
43982
65973
87964
109955
131946
153937
175928
197919
219910
0
20617
41234
61851
82468
103085
123702
144319
164936
185553
206170
0
21991
43982
65973
87964
109955
131946
153937
175928
197919
219910
0
20617
41234
61851
82468
103085
123702
144319
164936
185553
206170
0
21991
43982
65973
87964
109955
131946
153937
175928
197919
219910
0
20617
41234
61851
82468
103085
123702
144319
164936
185553
206170
0
21991
43982
65973
87964
109955
131946
153937
175928
197919
219910
0
20617
41234
61851
82468
103085
123702
144319
164936
185553
206170
0
21991
43982
65973
87964
109955
131946
153937
175928
197919
219910
0
20617
41234
61851
82468
103085
123702
144319
164936
185553
206170
0
21991
43982
65973
87964
109955
131946
153937
175928
197919
219910
0
20617
41234
61851
82468
103085
123702
144319
164936
185553
206170
0
21991
43982
65973
87964
109955
131946
153937
175928
197919
219910
0
20617
41234
61851
82468
103085
123702
144319
164936
185553
206170
0
21991
43982
65973
87964
109955
131946
153937
175928
197919
219910
0
20617
41234
61851
82468
103085
123702
144319
164936
185553
206170
0
21991
43982
65973
87964
109955
131946
153937
175928
197919
219910
0
20617
41234
61851
82468
103085
123702
144319
164936
185553
206170
0
21991
43982
65973
87964
109955
131946
153937
175928
197919
219910
0
20617
41234
61851
82468
103085
123702
144319
164936
185553
206170
0
21991
43982
65973
87964
109955
131946
153937
175928
197919
219910
0
20617
41234
61851
82468
103085
123702
144319
164936
185553
206170
0
21991
43982
65973
87964
109955
131946
153937
175928
197919
219910
0
20617
41234
61851
82468
103085
123702
144319
164936
185553
206170
0
21991
43982
65973
87964
109955
131946
153937
175928
197919
219910
0
20617
41234
61851
82468
103085
123702
144319
164936
185553
206170
0
21991
43982
65973
87964
109955
131946
153937
175928
197919
219910
0
20617
41234
61851
82468
103085
123702
144319
164936
185553
206170
0
21991
43982
65973
87964
109955
131946
153937
175928
197919
219910
0
20617
41234
61851
82468
103085
123702
144319
164936
185553
206170
0
21991
43982
65973
87964
109955
131946
153937
175928
197919
219910
0
20617
41234
61851
82468
103085
123702
144319
164936
185553
206170
0
21991
43982
65973
87964
109955
131946
153937
175928
197919
219910
0
20617
41234
61851
82468
103085
123702
144319
164936
185553
206170
0
21991
43982
65973
87964
109955
131946
153937
175928
197919
219910
0
20617
41234
61851
82468
103085
123702
144319
164936
185553
206170
0
21991
43982
65973
87964
109955
131946
153937
175928
197919
219910
0
20617
41234
61851
82468
103085
123702
144319
164936
185553
206170
0
21991
43982
65973
87964
109955
131946
153937
175928
197919
219910
