Processing year 2003, season AMJ
Reading data
Number of elements in W triangular:
7890378.0
Length of the parallelised arrays of w:
(246575,)
Computing distances between initial conditions
Computing distances between final conditions
0
24657
49314
73971
98628
123285
147942
172599
197256
221913
246570
0
24657
49314
73971
98628
123285
147942
172599
197256
221913
246570
0
24657
49314
73971
98628
123285
147942
172599
197256
221913
246570
0
24657
49314
73971
98628
123285
147942
172599
197256
221913
246570
0
24657
49314
73971
98628
123285
147942
172599
197256
221913
246570
0
24657
49314
73971
98628
123285
147942
172599
197256
221913
246570
0
24657
49314
73971
98628
123285
147942
172599
197256
221913
246570
0
24657
49314
73971
98628
123285
147942
172599
197256
221913
246570
0
24657
49314
73971
98628
123285
147942
172599
197256
221913
246570
0
24657
49314
73971
98628
123285
147942
172599
197256
221913
246570
0
24657
49314
73971
98628
123285
147942
172599
197256
221913
246570
0
24657
49314
73971
98628
123285
147942
172599
197256
221913
246570
0
24657
49314
73971
98628
123285
147942
172599
197256
221913
246570
0
24657
49314
73971
98628
123285
147942
172599
197256
221913
246570
0
24657
49314
73971
98628
123285
147942
172599
197256
221913
246570
0
24657
49314
73971
98628
123285
147942
172599
197256
221913
246570
0
24657
49314
73971
98628
123285
147942
172599
197256
221913
246570
0
24657
49314
73971
98628
123285
147942
172599
197256
221913
246570
0
24657
49314
73971
98628
123285
147942
172599
197256
221913
246570
0
24657
49314
73971
98628
123285
147942
172599
197256
221913
246570
0
24657
49314
73971
98628
123285
147942
172599
197256
221913
246570
0
24657
49314
73971
98628
123285
147942
172599
197256
221913
246570
0
24657
49314
73971
98628
123285
147942
172599
197256
221913
246570
0
24657
49314
73971
98628
123285
147942
172599
197256
221913
246570
0
24657
49314
73971
98628
123285
147942
172599
197256
221913
246570
0
24657
49314
73971
98628
123285
147942
172599
197256
221913
246570
0
24657
49314
73971
98628
123285
147942
172599
197256
221913
246570
0
24657
49314
73971
98628
123285
147942
172599
197256
221913
246570
0
24657
49314
73971
98628
123285
147942
172599
197256
221913
246570
0
24657
49314
73971
98628
123285
147942
172599
197256
221913
246570
0
24657
49314
73971
98628
123285
147942
172599
197256
221913
246570
0
24657
49314
73971
98628
123285
147942
172599
197256
221913
246570
0
24657
49314
73971
98628
123285
147942
172599
197256
221913
246570
0
24657
49314
73971
98628
123285
147942
172599
197256
221913
246570
0
24657
49314
73971
98628
123285
147942
172599
197256
221913
246570
0
24657
49314
73971
98628
123285
147942
172599
197256
221913
246570
0
24657
49314
73971
98628
123285
147942
172599
197256
221913
246570
0
24657
49314
73971
98628
123285
147942
172599
197256
221913
246570
0
24657
49314
73971
98628
123285
147942
172599
197256
221913
246570
0
24657
49314
73971
98628
123285
147942
172599
197256
221913
246570
0
24657
49314
73971
98628
123285
147942
172599
197256
221913
246570
0
24657
49314
73971
98628
123285
147942
172599
197256
221913
246570
0
24657
49314
73971
98628
123285
147942
172599
197256
221913
246570
0
24657
49314
73971
98628
123285
147942
172599
197256
221913
246570
0
24657
49314
73971
98628
123285
147942
172599
197256
221913
246570
0
24657
49314
73971
98628
123285
147942
172599
197256
221913
246570
0
24657
49314
73971
98628
123285
147942
172599
197256
221913
246570
0
24657
49314
73971
98628
123285
147942
172599
197256
221913
246570
0
24657
49314
73971
98628
123285
147942
172599
197256
221913
246570
0
24657
49314
73971
98628
123285
147942
172599
197256
221913
246570
0
24657
49314
73971
98628
123285
147942
172599
197256
221913
246570
0
24657
49314
73971
98628
123285
147942
172599
197256
221913
246570
0
24657
49314
73971
98628
123285
147942
172599
197256
221913
246570
0
24657
49314
73971
98628
123285
147942
172599
197256
221913
246570
0
24657
49314
73971
98628
123285
147942
172599
197256
221913
246570
0
24657
49314
73971
98628
123285
147942
172599
197256
221913
246570
0
24657
49314
73971
98628
123285
147942
172599
197256
221913
246570
0
24657
49314
73971
98628
123285
147942
172599
197256
221913
246570
0
24657
49314
73971
98628
123285
147942
172599
197256
221913
246570
0
24657
49314
73971
98628
123285
147942
172599
197256
221913
246570
0
24657
49314
73971
98628
123285
147942
172599
197256
221913
246570
0
24657
49314
73971
98628
123285
147942
172599
197256
221913
246570
0
24657
49314
73971
98628
123285
147942
172599
197256
221913
246570
0
24657
49314
73971
98628
123285
147942
172599
197256
221913
246570
