Processing year 2008, season AMJ
Reading data
Number of elements in W triangular:
7409325.0
Length of the parallelised arrays of w:
(231542,)
Computing distances between initial conditions
Computing distances between final conditions
0
23154
46308
69462
92616
115770
138924
162078
185232
208386
231540
0
23154
46308
69462
92616
115770
138924
162078
185232
208386
231540
0
23154
46308
69462
92616
115770
138924
162078
185232
208386
231540
0
23154
46308
69462
92616
115770
138924
162078
185232
208386
231540
0
23154
46308
69462
92616
115770
138924
162078
185232
208386
231540
0
23154
46308
69462
92616
115770
138924
162078
185232
208386
231540
0
23154
46308
69462
92616
115770
138924
162078
185232
208386
231540
0
23154
46308
69462
92616
115770
138924
162078
185232
208386
231540
0
23154
46308
69462
92616
115770
138924
162078
185232
208386
231540
0
23154
46308
69462
92616
115770
138924
162078
185232
208386
231540
0
23154
46308
69462
92616
115770
138924
162078
185232
208386
231540
0
23154
46308
69462
92616
115770
138924
162078
185232
208386
231540
0
23154
46308
69462
92616
115770
138924
162078
185232
208386
231540
0
23154
46308
69462
92616
115770
138924
162078
185232
208386
231540
0
23154
46308
69462
92616
115770
138924
162078
185232
208386
231540
0
23154
46308
69462
92616
115770
138924
162078
185232
208386
231540
0
23154
46308
69462
92616
115770
138924
162078
185232
208386
231540
0
23154
46308
69462
92616
115770
138924
162078
185232
208386
231540
0
23154
46308
69462
92616
115770
138924
162078
185232
208386
231540
0
23154
46308
69462
92616
115770
138924
162078
185232
208386
231540
0
23154
46308
69462
92616
115770
138924
162078
185232
208386
231540
0
23154
46308
69462
92616
115770
138924
162078
185232
208386
231540
0
23154
46308
69462
92616
115770
138924
162078
185232
208386
231540
0
23154
46308
69462
92616
115770
138924
162078
185232
208386
231540
0
23154
46308
69462
92616
115770
138924
162078
185232
208386
231540
0
23154
46308
69462
92616
115770
138924
162078
185232
208386
231540
0
23154
46308
69462
92616
115770
138924
162078
185232
208386
231540
0
23154
46308
69462
92616
115770
138924
162078
185232
208386
231540
0
23154
46308
69462
92616
115770
138924
162078
185232
208386
231540
0
23154
46308
69462
92616
115770
138924
162078
185232
208386
231540
0
23154
46308
69462
92616
115770
138924
162078
185232
208386
231540
0
23154
46308
69462
92616
115770
138924
162078
185232
208386
231540
0
23154
46308
69462
92616
115770
138924
162078
185232
208386
231540
0
23154
46308
69462
92616
115770
138924
162078
185232
208386
231540
0
23154
46308
69462
92616
115770
138924
162078
185232
208386
231540
0
23154
46308
69462
92616
115770
138924
162078
185232
208386
231540
0
23154
46308
69462
92616
115770
138924
162078
185232
208386
231540
0
23154
46308
69462
92616
115770
138924
162078
185232
208386
231540
0
23154
46308
69462
92616
115770
138924
162078
185232
208386
231540
0
23154
46308
69462
92616
115770
138924
162078
185232
208386
231540
0
23154
46308
69462
92616
115770
138924
162078
185232
208386
231540
0
23154
46308
69462
92616
115770
138924
162078
185232
208386
231540
0
23154
46308
69462
92616
115770
138924
162078
185232
208386
231540
0
23154
46308
69462
92616
115770
138924
162078
185232
208386
231540
0
23154
46308
69462
92616
115770
138924
162078
185232
208386
231540
0
23154
46308
69462
92616
115770
138924
162078
185232
208386
231540
0
23154
46308
69462
92616
115770
138924
162078
185232
208386
231540
0
23154
46308
69462
92616
115770
138924
162078
185232
208386
231540
0
23154
46308
69462
92616
115770
138924
162078
185232
208386
231540
0
23154
46308
69462
92616
115770
138924
162078
185232
208386
231540
0
23154
46308
69462
92616
115770
138924
162078
185232
208386
231540
0
23154
46308
69462
92616
115770
138924
162078
185232
208386
231540
0
23154
46308
69462
92616
115770
138924
162078
185232
208386
231540
0
23154
46308
69462
92616
115770
138924
162078
185232
208386
231540
0
23154
46308
69462
92616
115770
138924
162078
185232
208386
231540
0
23154
46308
69462
92616
115770
138924
162078
185232
208386
231540
0
23154
46308
69462
92616
115770
138924
162078
185232
208386
231540
0
23154
46308
69462
92616
115770
138924
162078
185232
208386
231540
0
23154
46308
69462
92616
115770
138924
162078
185232
208386
231540
0
23154
46308
69462
92616
115770
138924
162078
185232
208386
231540
0
23154
46308
69462
92616
115770
138924
162078
185232
208386
231540
0
23154
46308
69462
92616
115770
138924
162078
185232
208386
231540
0
23154
46308
69462
92616
115770
138924
162078
185232
208386
231540
0
23154
46308
69462
92616
115770
138924
162078
185232
208386
231540
