Processing year 2002, season JAS
Reading data
shape of land mask
(492, 499)
Number of elements in W triangular:
5946076.0
Length of the parallelised arrays of w:
(185815,)
Computing the similarity matrix with the parallel loop
0
18581
37162
55743
74324
92905
111486
130067
148648
167229
185810
0
18581
37162
55743
74324
92905
111486
130067
148648
167229
185810
Number of elements in W triangular:
5946076.0
Length of the parallelised arrays of w:
(198203,)
Computing the similarity matrix with the parallel loop
0
18581
37162
55743
74324
92905
111486
130067
148648
167229
185810
0
19820
39640
59460
79280
99100
118920
138740
158560
178380
198200
0
18581
37162
55743
74324
92905
111486
130067
148648
167229
185810
0
19820
39640
59460
79280
99100
118920
138740
158560
178380
198200
0
18581
37162
55743
74324
92905
111486
130067
148648
167229
185810
0
19820
39640
59460
79280
99100
118920
138740
158560
178380
198200
0
18581
37162
55743
74324
92905
111486
130067
148648
167229
185810
0
19820
39640
59460
79280
99100
118920
138740
158560
178380
198200
0
18581
37162
55743
74324
92905
111486
130067
148648
167229
185810
0
19820
39640
59460
79280
99100
118920
138740
158560
178380
198200
0
18581
37162
55743
74324
92905
111486
130067
148648
167229
185810
0
19820
39640
59460
79280
99100
118920
138740
158560
178380
198200
0
18581
37162
55743
74324
92905
111486
130067
148648
167229
185810
0
19820
39640
59460
79280
99100
118920
138740
158560
178380
198200
0
18581
37162
55743
74324
92905
111486
130067
148648
167229
185810
0
19820
39640
59460
79280
99100
118920
138740
158560
178380
198200
0
18581
37162
55743
74324
92905
111486
130067
148648
167229
185810
0
19820
39640
59460
79280
99100
118920
138740
158560
178380
198200
0
18581
37162
55743
74324
92905
111486
130067
148648
167229
185810
0
19820
39640
59460
79280
99100
118920
138740
158560
178380
198200
0
18581
37162
55743
74324
92905
111486
130067
148648
167229
185810
0
19820
39640
59460
79280
99100
118920
138740
158560
178380
198200
0
18581
37162
55743
74324
92905
111486
130067
148648
167229
185810
0
19820
39640
59460
79280
99100
118920
138740
158560
178380
198200
0
18581
37162
55743
74324
92905
111486
130067
148648
167229
185810
0
19820
39640
59460
79280
99100
118920
138740
158560
178380
198200
0
18581
37162
55743
74324
92905
111486
130067
148648
167229
185810
0
19820
39640
59460
79280
99100
118920
138740
158560
178380
198200
0
18581
37162
55743
74324
92905
111486
130067
148648
167229
185810
0
19820
39640
59460
79280
99100
118920
138740
158560
178380
198200
0
18581
37162
55743
74324
92905
111486
130067
148648
167229
185810
0
19820
39640
59460
79280
99100
118920
138740
158560
178380
198200
0
18581
37162
55743
74324
92905
111486
130067
148648
167229
185810
0
19820
39640
59460
79280
99100
118920
138740
158560
178380
198200
0
18581
37162
55743
74324
92905
111486
130067
148648
167229
185810
0
19820
39640
59460
79280
99100
118920
138740
158560
178380
198200
0
18581
37162
55743
74324
92905
111486
130067
148648
167229
185810
0
19820
39640
59460
79280
99100
118920
138740
158560
178380
198200
0
18581
37162
55743
74324
92905
111486
130067
148648
167229
185810
0
19820
39640
59460
79280
99100
118920
138740
158560
178380
198200
0
18581
37162
55743
74324
92905
111486
130067
148648
167229
185810
0
19820
39640
59460
79280
99100
118920
138740
158560
178380
198200
0
18581
37162
55743
74324
92905
111486
130067
148648
167229
185810
0
19820
39640
59460
79280
99100
118920
138740
158560
178380
198200
0
18581
37162
55743
74324
92905
111486
130067
148648
167229
185810
0
19820
39640
59460
79280
99100
118920
138740
158560
178380
198200
0
18581
37162
55743
74324
92905
111486
130067
148648
167229
185810
0
19820
39640
59460
79280
99100
118920
138740
158560
178380
198200
0
18581
37162
55743
74324
92905
111486
130067
148648
167229
185810
0
19820
39640
59460
79280
99100
118920
138740
158560
178380
198200
0
18581
37162
55743
74324
92905
111486
130067
148648
167229
185810
0
19820
39640
59460
79280
99100
118920
138740
158560
178380
198200
0
18581
37162
55743
74324
92905
111486
130067
148648
167229
185810
0
19820
39640
59460
79280
99100
118920
138740
158560
178380
198200
0
18581
37162
55743
74324
92905
111486
130067
148648
167229
185810
0
19820
39640
59460
79280
99100
118920
138740
158560
178380
198200
0
18581
37162
55743
74324
92905
111486
130067
148648
167229
185810
0
19820
39640
59460
79280
99100
118920
138740
158560
178380
198200
0
18581
37162
55743
74324
92905
111486
130067
148648
167229
185810
0
19820
39640
59460
79280
99100
118920
138740
158560
178380
198200
