Processing year 2000, season AMJ
Reading data
Number of elements in W triangular:
7595253.0
Length of the parallelised arrays of w:
(237352,)
Computing distances between initial conditions
Computing distances between final conditions
0
23735
47470
71205
94940
118675
142410
166145
189880
213615
237350
0
23735
47470
71205
94940
118675
142410
166145
189880
213615
237350
0
23735
47470
71205
94940
118675
142410
166145
189880
213615
237350
0
23735
47470
71205
94940
118675
142410
166145
189880
213615
237350
0
23735
47470
71205
94940
118675
142410
166145
189880
213615
237350
0
23735
47470
71205
94940
118675
142410
166145
189880
213615
237350
0
23735
47470
71205
94940
118675
142410
166145
189880
213615
237350
0
23735
47470
71205
94940
118675
142410
166145
189880
213615
237350
0
23735
47470
71205
94940
118675
142410
166145
189880
213615
237350
0
23735
47470
71205
94940
118675
142410
166145
189880
213615
237350
0
23735
47470
71205
94940
118675
142410
166145
189880
213615
237350
0
23735
47470
71205
94940
118675
142410
166145
189880
213615
237350
0
23735
47470
71205
94940
118675
142410
166145
189880
213615
237350
0
23735
47470
71205
94940
118675
142410
166145
189880
213615
237350
0
23735
47470
71205
94940
118675
142410
166145
189880
213615
237350
0
23735
47470
71205
94940
118675
142410
166145
189880
213615
237350
0
23735
47470
71205
94940
118675
142410
166145
189880
213615
237350
0
23735
47470
71205
94940
118675
142410
166145
189880
213615
237350
0
23735
47470
71205
94940
118675
142410
166145
189880
213615
237350
0
23735
47470
71205
94940
118675
142410
166145
189880
213615
237350
0
23735
47470
71205
94940
118675
142410
166145
189880
213615
237350
0
23735
47470
71205
94940
118675
142410
166145
189880
213615
237350
0
23735
47470
71205
94940
118675
142410
166145
189880
213615
237350
0
23735
47470
71205
94940
118675
142410
166145
189880
213615
237350
0
23735
47470
71205
94940
118675
142410
166145
189880
213615
237350
0
23735
47470
71205
94940
118675
142410
166145
189880
213615
237350
0
23735
47470
71205
94940
118675
142410
166145
189880
213615
237350
0
23735
47470
71205
94940
118675
142410
166145
189880
213615
237350
0
23735
47470
71205
94940
118675
142410
166145
189880
213615
237350
0
23735
47470
71205
94940
118675
142410
166145
189880
213615
237350
0
23735
47470
71205
94940
118675
142410
166145
189880
213615
237350
0
23735
47470
71205
94940
118675
142410
166145
189880
213615
237350
0
23735
47470
71205
94940
118675
142410
166145
189880
213615
237350
0
23735
47470
71205
94940
118675
142410
166145
189880
213615
237350
0
23735
47470
71205
94940
118675
142410
166145
189880
213615
237350
0
23735
47470
71205
94940
118675
142410
166145
189880
213615
237350
0
23735
47470
71205
94940
118675
142410
166145
189880
213615
237350
0
23735
47470
71205
94940
118675
142410
166145
189880
213615
237350
0
23735
47470
71205
94940
118675
142410
166145
189880
213615
237350
0
23735
47470
71205
94940
118675
142410
166145
189880
213615
237350
0
23735
47470
71205
94940
118675
142410
166145
189880
213615
237350
0
23735
47470
71205
94940
118675
142410
166145
189880
213615
237350
0
23735
47470
71205
94940
118675
142410
166145
189880
213615
237350
0
23735
47470
71205
94940
118675
142410
166145
189880
213615
237350
0
23735
47470
71205
94940
118675
142410
166145
189880
213615
237350
0
23735
47470
71205
94940
118675
142410
166145
189880
213615
237350
0
23735
47470
71205
94940
118675
142410
166145
189880
213615
237350
0
23735
47470
71205
94940
118675
142410
166145
189880
213615
237350
0
23735
47470
71205
94940
118675
142410
166145
189880
213615
237350
0
23735
47470
71205
94940
118675
142410
166145
189880
213615
237350
0
23735
47470
71205
94940
118675
142410
166145
189880
213615
237350
0
23735
47470
71205
94940
118675
142410
166145
189880
213615
237350
0
23735
47470
71205
94940
118675
142410
166145
189880
213615
237350
0
23735
47470
71205
94940
118675
142410
166145
189880
213615
237350
0
23735
47470
71205
94940
118675
142410
166145
189880
213615
237350
0
23735
47470
71205
94940
118675
142410
166145
189880
213615
237350
0
23735
47470
71205
94940
118675
142410
166145
189880
213615
237350
0
23735
47470
71205
94940
118675
142410
166145
189880
213615
237350
0
23735
47470
71205
94940
118675
142410
166145
189880
213615
237350
0
23735
47470
71205
94940
118675
142410
166145
189880
213615
237350
0
23735
47470
71205
94940
118675
142410
166145
189880
213615
237350
0
23735
47470
71205
94940
118675
142410
166145
189880
213615
237350
0
23735
47470
71205
94940
118675
142410
166145
189880
213615
237350
0
23735
47470
71205
94940
118675
142410
166145
189880
213615
237350
