Processing year 2005, season JAS
Reading data
shape of land mask
(492, 499)
Number of elements in W triangular:
4677211.0
Length of the parallelised arrays of w:
(146163,)
Computing the similarity matrix with the parallel loop
0
14616
29232
43848
58464
73080
87696
102312
116928
131544
146160
0
14616
29232
43848
58464
73080
87696
102312
116928
131544
146160
Number of elements in W triangular:
4677211.0
Length of the parallelised arrays of w:
(155908,)
Computing the similarity matrix with the parallel loop
0
14616
29232
43848
58464
73080
87696
102312
116928
131544
146160
0
15590
31180
46770
62360
77950
93540
109130
124720
140310
155900
0
14616
29232
43848
58464
73080
87696
102312
116928
131544
146160
0
15590
31180
46770
62360
77950
93540
109130
124720
140310
155900
0
14616
29232
43848
58464
73080
87696
102312
116928
131544
146160
0
15590
31180
46770
62360
77950
93540
109130
124720
140310
155900
0
14616
29232
43848
58464
73080
87696
102312
116928
131544
146160
0
15590
31180
46770
62360
77950
93540
109130
124720
140310
155900
0
14616
29232
43848
58464
73080
87696
102312
116928
131544
146160
0
15590
31180
46770
62360
77950
93540
109130
124720
140310
155900
0
14616
29232
43848
58464
73080
87696
102312
116928
131544
146160
0
15590
31180
46770
62360
77950
93540
109130
124720
140310
155900
0
14616
29232
43848
58464
73080
87696
102312
116928
131544
146160
0
15590
31180
46770
62360
77950
93540
109130
124720
140310
155900
0
14616
29232
43848
58464
73080
87696
102312
116928
131544
146160
0
15590
31180
46770
62360
77950
93540
109130
124720
140310
155900
0
14616
29232
43848
58464
73080
87696
102312
116928
131544
146160
0
15590
31180
46770
62360
77950
93540
109130
124720
140310
155900
0
14616
29232
43848
58464
73080
87696
102312
116928
131544
146160
0
15590
31180
46770
62360
77950
93540
109130
124720
140310
155900
0
14616
29232
43848
58464
73080
87696
102312
116928
131544
146160
0
15590
31180
46770
62360
77950
93540
109130
124720
140310
155900
0
14616
29232
43848
58464
73080
87696
102312
116928
131544
146160
0
15590
31180
46770
62360
77950
93540
109130
124720
140310
155900
0
14616
29232
43848
58464
73080
87696
102312
116928
131544
146160
0
15590
31180
46770
62360
77950
93540
109130
124720
140310
155900
0
14616
29232
43848
58464
73080
87696
102312
116928
131544
146160
0
15590
31180
46770
62360
77950
93540
109130
124720
140310
155900
0
14616
29232
43848
58464
73080
87696
102312
116928
131544
146160
0
15590
31180
46770
62360
77950
93540
109130
124720
140310
155900
0
14616
29232
43848
58464
73080
87696
102312
116928
131544
146160
0
15590
31180
46770
62360
77950
93540
109130
124720
140310
155900
0
14616
29232
43848
58464
73080
87696
102312
116928
131544
146160
0
15590
31180
46770
62360
77950
93540
109130
124720
140310
155900
0
14616
29232
43848
58464
73080
87696
102312
116928
131544
146160
0
15590
31180
46770
62360
77950
93540
109130
124720
140310
155900
0
14616
29232
43848
58464
73080
87696
102312
116928
131544
146160
0
15590
31180
46770
62360
77950
93540
109130
124720
140310
155900
0
14616
29232
43848
58464
73080
87696
102312
116928
131544
146160
0
15590
31180
46770
62360
77950
93540
109130
124720
140310
155900
0
14616
29232
43848
58464
73080
87696
102312
116928
131544
146160
0
15590
31180
46770
62360
77950
93540
109130
124720
140310
155900
0
14616
29232
43848
58464
73080
87696
102312
116928
131544
146160
0
15590
31180
46770
62360
77950
93540
109130
124720
140310
155900
0
14616
29232
43848
58464
73080
87696
102312
116928
131544
146160
0
15590
31180
46770
62360
77950
93540
109130
124720
140310
155900
0
14616
29232
43848
58464
73080
87696
102312
116928
131544
146160
0
15590
31180
46770
62360
77950
93540
109130
124720
140310
155900
0
14616
29232
43848
58464
73080
87696
102312
116928
131544
146160
0
15590
31180
46770
62360
77950
93540
109130
124720
140310
155900
0
14616
29232
43848
58464
73080
87696
102312
116928
131544
146160
0
15590
31180
46770
62360
77950
93540
109130
124720
140310
155900
0
14616
29232
43848
58464
73080
87696
102312
116928
131544
146160
0
15590
31180
46770
62360
77950
93540
109130
124720
140310
155900
0
14616
29232
43848
58464
73080
87696
102312
116928
131544
146160
0
15590
31180
46770
62360
77950
93540
109130
124720
140310
155900
0
14616
29232
43848
58464
73080
87696
102312
116928
131544
146160
0
15590
31180
46770
62360
77950
93540
109130
124720
140310
155900
0
14616
29232
43848
58464
73080
87696
102312
116928
131544
146160
0
15590
31180
46770
62360
77950
93540
109130
124720
140310
155900
