Processing year 2004, season JAS
Reading data
shape of land mask
(492, 499)
Number of elements in W triangular:
5407116.0
Length of the parallelised arrays of w:
(168973,)
Computing the similarity matrix with the parallel loop
0
16897
33794
50691
67588
84485
101382
118279
135176
152073
168970
0
16897
33794
50691
67588
84485
101382
118279
135176
152073
168970
Number of elements in W triangular:
5407116.0
Length of the parallelised arrays of w:
(180238,)
Computing the similarity matrix with the parallel loop
0
16897
33794
50691
67588
84485
101382
118279
135176
152073
168970
0
18023
36046
54069
72092
90115
108138
126161
144184
162207
180230
0
16897
33794
50691
67588
84485
101382
118279
135176
152073
168970
0
18023
36046
54069
72092
90115
108138
126161
144184
162207
180230
0
16897
33794
50691
67588
84485
101382
118279
135176
152073
168970
0
18023
36046
54069
72092
90115
108138
126161
144184
162207
180230
0
16897
33794
50691
67588
84485
101382
118279
135176
152073
168970
0
18023
36046
54069
72092
90115
108138
126161
144184
162207
180230
0
16897
33794
50691
67588
84485
101382
118279
135176
152073
168970
0
18023
36046
54069
72092
90115
108138
126161
144184
162207
180230
0
16897
33794
50691
67588
84485
101382
118279
135176
152073
168970
0
18023
36046
54069
72092
90115
108138
126161
144184
162207
180230
0
16897
33794
50691
67588
84485
101382
118279
135176
152073
168970
0
18023
36046
54069
72092
90115
108138
126161
144184
162207
180230
0
16897
33794
50691
67588
84485
101382
118279
135176
152073
168970
0
18023
36046
54069
72092
90115
108138
126161
144184
162207
180230
0
16897
33794
50691
67588
84485
101382
118279
135176
152073
168970
0
18023
36046
54069
72092
90115
108138
126161
144184
162207
180230
0
16897
33794
50691
67588
84485
101382
118279
135176
152073
168970
0
18023
36046
54069
72092
90115
108138
126161
144184
162207
180230
0
16897
33794
50691
67588
84485
101382
118279
135176
152073
168970
0
18023
36046
54069
72092
90115
108138
126161
144184
162207
180230
0
16897
33794
50691
67588
84485
101382
118279
135176
152073
168970
0
18023
36046
54069
72092
90115
108138
126161
144184
162207
180230
0
16897
33794
50691
67588
84485
101382
118279
135176
152073
168970
0
18023
36046
54069
72092
90115
108138
126161
144184
162207
180230
0
16897
33794
50691
67588
84485
101382
118279
135176
152073
168970
0
18023
36046
54069
72092
90115
108138
126161
144184
162207
180230
0
16897
33794
50691
67588
84485
101382
118279
135176
152073
168970
0
18023
36046
54069
72092
90115
108138
126161
144184
162207
180230
0
16897
33794
50691
67588
84485
101382
118279
135176
152073
168970
0
18023
36046
54069
72092
90115
108138
126161
144184
162207
180230
0
16897
33794
50691
67588
84485
101382
118279
135176
152073
168970
0
18023
36046
54069
72092
90115
108138
126161
144184
162207
180230
0
16897
33794
50691
67588
84485
101382
118279
135176
152073
168970
0
18023
36046
54069
72092
90115
108138
126161
144184
162207
180230
0
16897
33794
50691
67588
84485
101382
118279
135176
152073
168970
0
18023
36046
54069
72092
90115
108138
126161
144184
162207
180230
0
16897
33794
50691
67588
84485
101382
118279
135176
152073
168970
0
18023
36046
54069
72092
90115
108138
126161
144184
162207
180230
0
16897
33794
50691
67588
84485
101382
118279
135176
152073
168970
0
18023
36046
54069
72092
90115
108138
126161
144184
162207
180230
0
16897
33794
50691
67588
84485
101382
118279
135176
152073
168970
0
18023
36046
54069
72092
90115
108138
126161
144184
162207
180230
0
16897
33794
50691
67588
84485
101382
118279
135176
152073
168970
0
18023
36046
54069
72092
90115
108138
126161
144184
162207
180230
0
16897
33794
50691
67588
84485
101382
118279
135176
152073
168970
0
18023
36046
54069
72092
90115
108138
126161
144184
162207
180230
0
16897
33794
50691
67588
84485
101382
118279
135176
152073
168970
0
18023
36046
54069
72092
90115
108138
126161
144184
162207
180230
0
16897
33794
50691
67588
84485
101382
118279
135176
152073
168970
0
18023
36046
54069
72092
90115
108138
126161
144184
162207
180230
0
16897
33794
50691
67588
84485
101382
118279
135176
152073
168970
0
18023
36046
54069
72092
90115
108138
126161
144184
162207
180230
0
16897
33794
50691
67588
84485
101382
118279
135176
152073
168970
0
18023
36046
54069
72092
90115
108138
126161
144184
162207
180230
0
16897
33794
50691
67588
84485
101382
118279
135176
152073
168970
0
18023
36046
54069
72092
90115
108138
126161
144184
162207
180230
0
16897
33794
50691
67588
84485
101382
118279
135176
152073
168970
0
18023
36046
54069
72092
90115
108138
126161
144184
162207
180230
