Processing year 2007, season JAS
Reading data
shape of land mask
(492, 499)
Number of elements in W triangular:
4753986.0
Length of the parallelised arrays of w:
(148563,)
Computing the similarity matrix with the parallel loop
0
14856
29712
44568
59424
74280
89136
103992
118848
133704
148560
0
14856
29712
44568
59424
74280
89136
103992
118848
133704
148560
Number of elements in W triangular:
4753986.0
Length of the parallelised arrays of w:
(158467,)
Computing the similarity matrix with the parallel loop
0
14856
29712
44568
59424
74280
89136
103992
118848
133704
148560
0
15846
31692
47538
63384
79230
95076
110922
126768
142614
158460
0
14856
29712
44568
59424
74280
89136
103992
118848
133704
148560
0
15846
31692
47538
63384
79230
95076
110922
126768
142614
158460
0
14856
29712
44568
59424
74280
89136
103992
118848
133704
148560
0
15846
31692
47538
63384
79230
95076
110922
126768
142614
158460
0
14856
29712
44568
59424
74280
89136
103992
118848
133704
148560
0
15846
31692
47538
63384
79230
95076
110922
126768
142614
158460
0
14856
29712
44568
59424
74280
89136
103992
118848
133704
148560
0
15846
31692
47538
63384
79230
95076
110922
126768
142614
158460
0
14856
29712
44568
59424
74280
89136
103992
118848
133704
148560
0
15846
31692
47538
63384
79230
95076
110922
126768
142614
158460
0
14856
29712
44568
59424
74280
89136
103992
118848
133704
148560
0
15846
31692
47538
63384
79230
95076
110922
126768
142614
158460
0
14856
29712
44568
59424
74280
89136
103992
118848
133704
148560
0
15846
31692
47538
63384
79230
95076
110922
126768
142614
158460
0
14856
29712
44568
59424
74280
89136
103992
118848
133704
148560
0
15846
31692
47538
63384
79230
95076
110922
126768
142614
158460
0
14856
29712
44568
59424
74280
89136
103992
118848
133704
148560
0
15846
31692
47538
63384
79230
95076
110922
126768
142614
158460
0
14856
29712
44568
59424
74280
89136
103992
118848
133704
148560
0
15846
31692
47538
63384
79230
95076
110922
126768
142614
158460
0
14856
29712
44568
59424
74280
89136
103992
118848
133704
148560
0
15846
31692
47538
63384
79230
95076
110922
126768
142614
158460
0
14856
29712
44568
59424
74280
89136
103992
118848
133704
148560
0
15846
31692
47538
63384
79230
95076
110922
126768
142614
158460
0
14856
29712
44568
59424
74280
89136
103992
118848
133704
148560
0
15846
31692
47538
63384
79230
95076
110922
126768
142614
158460
0
14856
29712
44568
59424
74280
89136
103992
118848
133704
148560
0
15846
31692
47538
63384
79230
95076
110922
126768
142614
158460
0
14856
29712
44568
59424
74280
89136
103992
118848
133704
148560
0
15846
31692
47538
63384
79230
95076
110922
126768
142614
158460
0
14856
29712
44568
59424
74280
89136
103992
118848
133704
148560
0
15846
31692
47538
63384
79230
95076
110922
126768
142614
158460
0
14856
29712
44568
59424
74280
89136
103992
118848
133704
148560
0
15846
31692
47538
63384
79230
95076
110922
126768
142614
158460
0
14856
29712
44568
59424
74280
89136
103992
118848
133704
148560
0
15846
31692
47538
63384
79230
95076
110922
126768
142614
158460
0
14856
29712
44568
59424
74280
89136
103992
118848
133704
148560
0
15846
31692
47538
63384
79230
95076
110922
126768
142614
158460
0
14856
29712
44568
59424
74280
89136
103992
118848
133704
148560
0
15846
31692
47538
63384
79230
95076
110922
126768
142614
158460
0
14856
29712
44568
59424
74280
89136
103992
118848
133704
148560
0
15846
31692
47538
63384
79230
95076
110922
126768
142614
158460
0
14856
29712
44568
59424
74280
89136
103992
118848
133704
148560
0
15846
31692
47538
63384
79230
95076
110922
126768
142614
158460
0
14856
29712
44568
59424
74280
89136
103992
118848
133704
148560
0
15846
31692
47538
63384
79230
95076
110922
126768
142614
158460
0
14856
29712
44568
59424
74280
89136
103992
118848
133704
148560
0
15846
31692
47538
63384
79230
95076
110922
126768
142614
158460
0
14856
29712
44568
59424
74280
89136
103992
118848
133704
148560
0
15846
31692
47538
63384
79230
95076
110922
126768
142614
158460
0
14856
29712
44568
59424
74280
89136
103992
118848
133704
148560
0
15846
31692
47538
63384
79230
95076
110922
126768
142614
158460
0
14856
29712
44568
59424
74280
89136
103992
118848
133704
148560
0
15846
31692
47538
63384
79230
95076
110922
126768
142614
158460
0
14856
29712
44568
59424
74280
89136
103992
118848
133704
148560
0
15846
31692
47538
63384
79230
95076
110922
126768
142614
158460
0
14856
29712
44568
59424
74280
89136
103992
118848
133704
148560
0
15846
31692
47538
63384
79230
95076
110922
126768
142614
158460
