Processing year 2008, season OND
Reading data
shape of land mask
(492, 499)
Number of elements in W triangular:
1461195.0
Length of the parallelised arrays of w:
(45663,)
Computing the similarity matrix with the parallel loop
0
4566
9132
13698
18264
22830
27396
31962
36528
41094
45660
0
4566
9132
13698
18264
22830
27396
31962
36528
41094
45660
Number of elements in W triangular:
1461195.0
Length of the parallelised arrays of w:
(48707,)
Computing the similarity matrix with the parallel loop
0
4566
9132
13698
18264
22830
27396
31962
36528
41094
45660
0
4870
9740
14610
19480
24350
29220
34090
38960
43830
48700
0
4566
9132
13698
18264
22830
27396
31962
36528
41094
45660
0
4870
9740
14610
19480
24350
29220
34090
38960
43830
48700
0
4566
9132
13698
18264
22830
27396
31962
36528
41094
45660
0
4870
9740
14610
19480
24350
29220
34090
38960
43830
48700
0
4566
9132
13698
18264
22830
27396
31962
36528
41094
45660
0
4870
9740
14610
19480
24350
29220
34090
38960
43830
48700
0
4566
9132
13698
18264
22830
27396
31962
36528
41094
45660
0
4870
9740
14610
19480
24350
29220
34090
38960
43830
48700
0
4566
9132
13698
18264
22830
27396
31962
36528
41094
45660
0
4870
9740
14610
19480
24350
29220
34090
38960
43830
48700
0
4566
9132
13698
18264
22830
27396
31962
36528
41094
45660
0
4870
9740
14610
19480
24350
29220
34090
38960
43830
48700
0
4566
9132
13698
18264
22830
27396
31962
36528
41094
45660
0
4870
9740
14610
19480
24350
29220
34090
38960
43830
48700
0
4566
9132
13698
18264
22830
27396
31962
36528
41094
45660
0
4870
9740
14610
19480
24350
29220
34090
38960
43830
48700
0
4566
9132
13698
18264
22830
27396
31962
36528
41094
45660
0
4870
9740
14610
19480
24350
29220
34090
38960
43830
48700
0
4566
9132
13698
18264
22830
27396
31962
36528
41094
45660
0
4870
9740
14610
19480
24350
29220
34090
38960
43830
48700
0
4566
9132
13698
18264
22830
27396
31962
36528
41094
45660
0
4870
9740
14610
19480
24350
29220
34090
38960
43830
48700
0
4566
9132
13698
18264
22830
27396
31962
36528
41094
45660
0
4870
9740
14610
19480
24350
29220
34090
38960
43830
48700
0
4566
9132
13698
18264
22830
27396
31962
36528
41094
45660
0
4870
9740
14610
19480
24350
29220
34090
38960
43830
48700
0
4566
9132
13698
18264
22830
27396
31962
36528
41094
45660
0
4870
9740
14610
19480
24350
29220
34090
38960
43830
48700
0
4566
9132
13698
18264
22830
27396
31962
36528
41094
45660
0
4870
9740
14610
19480
24350
29220
34090
38960
43830
48700
0
4566
9132
13698
18264
22830
27396
31962
36528
41094
45660
0
4870
9740
14610
19480
24350
29220
34090
38960
43830
48700
0
4566
9132
13698
18264
22830
27396
31962
36528
41094
45660
0
4870
9740
14610
19480
24350
29220
34090
38960
43830
48700
0
4566
9132
13698
18264
22830
27396
31962
36528
41094
45660
0
4870
9740
14610
19480
24350
29220
34090
38960
43830
48700
0
4566
9132
13698
18264
22830
27396
31962
36528
41094
45660
0
4870
9740
14610
19480
24350
29220
34090
38960
43830
48700
0
4566
9132
13698
18264
22830
27396
31962
36528
41094
45660
0
4870
9740
14610
19480
24350
29220
34090
38960
43830
48700
0
4566
9132
13698
18264
22830
27396
31962
36528
41094
45660
0
4870
9740
14610
19480
24350
29220
34090
38960
43830
48700
0
4566
9132
13698
18264
22830
27396
31962
36528
41094
45660
0
4870
9740
14610
19480
24350
29220
34090
38960
43830
48700
0
4566
9132
13698
18264
22830
27396
31962
36528
41094
45660
0
4870
9740
14610
19480
24350
29220
34090
38960
43830
48700
0
4566
9132
13698
18264
22830
27396
31962
36528
41094
45660
0
4870
9740
14610
19480
24350
29220
34090
38960
43830
48700
0
4566
9132
13698
18264
22830
27396
31962
36528
41094
45660
0
4870
9740
14610
19480
24350
29220
34090
38960
43830
48700
0
4566
9132
13698
18264
22830
27396
31962
36528
41094
45660
0
4870
9740
14610
19480
24350
29220
34090
38960
43830
48700
0
4566
9132
13698
18264
22830
27396
31962
36528
41094
45660
0
4870
9740
14610
19480
24350
29220
34090
38960
43830
48700
0
4566
9132
13698
18264
22830
27396
31962
36528
41094
45660
0
4870
9740
14610
19480
24350
29220
34090
38960
43830
48700
0
4566
9132
13698
18264
22830
27396
31962
36528
41094
45660
0
4870
9740
14610
19480
24350
29220
34090
38960
43830
48700
