Processing year 2009, season JFM
Reading data
shape of land mask
(492, 499)
Number of elements in W triangular:
6717945.0
Length of the parallelised arrays of w:
(209936,)
Computing the similarity matrix with the parallel loop
0
20993
41986
62979
83972
104965
125958
146951
167944
188937
209930
0
20993
41986
62979
83972
104965
125958
146951
167944
188937
209930
Number of elements in W triangular:
6717945.0
Length of the parallelised arrays of w:
(223932,)
Computing the similarity matrix with the parallel loop
0
20993
41986
62979
83972
104965
125958
146951
167944
188937
209930
0
22393
44786
67179
89572
111965
134358
156751
179144
201537
223930
0
20993
41986
62979
83972
104965
125958
146951
167944
188937
209930
0
22393
44786
67179
89572
111965
134358
156751
179144
201537
223930
0
20993
41986
62979
83972
104965
125958
146951
167944
188937
209930
0
22393
44786
67179
89572
111965
134358
156751
179144
201537
223930
0
20993
41986
62979
83972
104965
125958
146951
167944
188937
209930
0
22393
44786
67179
89572
111965
134358
156751
179144
201537
223930
0
20993
41986
62979
83972
104965
125958
146951
167944
188937
209930
0
22393
44786
67179
89572
111965
134358
156751
179144
201537
223930
0
20993
41986
62979
83972
104965
125958
146951
167944
188937
209930
0
22393
44786
67179
89572
111965
134358
156751
179144
201537
223930
0
20993
41986
62979
83972
104965
125958
146951
167944
188937
209930
0
22393
44786
67179
89572
111965
134358
156751
179144
201537
223930
0
20993
41986
62979
83972
104965
125958
146951
167944
188937
209930
0
22393
44786
67179
89572
111965
134358
156751
179144
201537
223930
0
20993
41986
62979
83972
104965
125958
146951
167944
188937
209930
0
22393
44786
67179
89572
111965
134358
156751
179144
201537
223930
0
20993
41986
62979
83972
104965
125958
146951
167944
188937
209930
0
22393
44786
67179
89572
111965
134358
156751
179144
201537
223930
0
20993
41986
62979
83972
104965
125958
146951
167944
188937
209930
0
22393
44786
67179
89572
111965
134358
156751
179144
201537
223930
0
20993
41986
62979
83972
104965
125958
146951
167944
188937
209930
0
22393
44786
67179
89572
111965
134358
156751
179144
201537
223930
0
20993
41986
62979
83972
104965
125958
146951
167944
188937
209930
0
22393
44786
67179
89572
111965
134358
156751
179144
201537
223930
0
20993
41986
62979
83972
104965
125958
146951
167944
188937
209930
0
22393
44786
67179
89572
111965
134358
156751
179144
201537
223930
0
20993
41986
62979
83972
104965
125958
146951
167944
188937
209930
0
22393
44786
67179
89572
111965
134358
156751
179144
201537
223930
0
20993
41986
62979
83972
104965
125958
146951
167944
188937
209930
0
22393
44786
67179
89572
111965
134358
156751
179144
201537
223930
0
20993
41986
62979
83972
104965
125958
146951
167944
188937
209930
0
22393
44786
67179
89572
111965
134358
156751
179144
201537
223930
0
20993
41986
62979
83972
104965
125958
146951
167944
188937
209930
0
22393
44786
67179
89572
111965
134358
156751
179144
201537
223930
0
20993
41986
62979
83972
104965
125958
146951
167944
188937
209930
0
22393
44786
67179
89572
111965
134358
156751
179144
201537
223930
0
20993
41986
62979
83972
104965
125958
146951
167944
188937
209930
0
22393
44786
67179
89572
111965
134358
156751
179144
201537
223930
0
20993
41986
62979
83972
104965
125958
146951
167944
188937
209930
0
22393
44786
67179
89572
111965
134358
156751
179144
201537
223930
0
20993
41986
62979
83972
104965
125958
146951
167944
188937
209930
0
22393
44786
67179
89572
111965
134358
156751
179144
201537
223930
0
20993
41986
62979
83972
104965
125958
146951
167944
188937
209930
0
22393
44786
67179
89572
111965
134358
156751
179144
201537
223930
0
20993
41986
62979
83972
104965
125958
146951
167944
188937
209930
0
22393
44786
67179
89572
111965
134358
156751
179144
201537
223930
0
20993
41986
62979
83972
104965
125958
146951
167944
188937
209930
0
22393
44786
67179
89572
111965
134358
156751
179144
201537
223930
0
20993
41986
62979
83972
104965
125958
146951
167944
188937
209930
0
22393
44786
67179
89572
111965
134358
156751
179144
201537
223930
0
20993
41986
62979
83972
104965
125958
146951
167944
188937
209930
0
22393
44786
67179
89572
111965
134358
156751
179144
201537
223930
0
20993
41986
62979
83972
104965
125958
146951
167944
188937
209930
0
22393
44786
67179
89572
111965
134358
156751
179144
201537
223930
0
20993
41986
62979
83972
104965
125958
146951
167944
188937
209930
0
22393
44786
67179
89572
111965
134358
156751
179144
201537
223930
0
20993
41986
62979
83972
104965
125958
146951
167944
188937
209930
0
22393
44786
67179
89572
111965
134358
156751
179144
201537
223930
