Processing year 2002, season AMJ
Reading data
Number of elements in W triangular:
7720485.0
Length of the parallelised arrays of w:
(241266,)
Computing distances between initial conditions
Computing distances between final conditions
0
24126
48252
72378
96504
120630
144756
168882
193008
217134
241260
0
24126
48252
72378
96504
120630
144756
168882
193008
217134
241260
0
24126
48252
72378
96504
120630
144756
168882
193008
217134
241260
0
24126
48252
72378
96504
120630
144756
168882
193008
217134
241260
0
24126
48252
72378
96504
120630
144756
168882
193008
217134
241260
0
24126
48252
72378
96504
120630
144756
168882
193008
217134
241260
0
24126
48252
72378
96504
120630
144756
168882
193008
217134
241260
0
24126
48252
72378
96504
120630
144756
168882
193008
217134
241260
0
24126
48252
72378
96504
120630
144756
168882
193008
217134
241260
0
24126
48252
72378
96504
120630
144756
168882
193008
217134
241260
0
24126
48252
72378
96504
120630
144756
168882
193008
217134
241260
0
24126
48252
72378
96504
120630
144756
168882
193008
217134
241260
0
24126
48252
72378
96504
120630
144756
168882
193008
217134
241260
0
24126
48252
72378
96504
120630
144756
168882
193008
217134
241260
0
24126
48252
72378
96504
120630
144756
168882
193008
217134
241260
0
24126
48252
72378
96504
120630
144756
168882
193008
217134
241260
0
24126
48252
72378
96504
120630
144756
168882
193008
217134
241260
0
24126
48252
72378
96504
120630
144756
168882
193008
217134
241260
0
24126
48252
72378
96504
120630
144756
168882
193008
217134
241260
0
24126
48252
72378
96504
120630
144756
168882
193008
217134
241260
0
24126
48252
72378
96504
120630
144756
168882
193008
217134
241260
0
24126
48252
72378
96504
120630
144756
168882
193008
217134
241260
0
24126
48252
72378
96504
120630
144756
168882
193008
217134
241260
0
24126
48252
72378
96504
120630
144756
168882
193008
217134
241260
0
24126
48252
72378
96504
120630
144756
168882
193008
217134
241260
0
24126
48252
72378
96504
120630
144756
168882
193008
217134
241260
0
24126
48252
72378
96504
120630
144756
168882
193008
217134
241260
0
24126
48252
72378
96504
120630
144756
168882
193008
217134
241260
0
24126
48252
72378
96504
120630
144756
168882
193008
217134
241260
0
24126
48252
72378
96504
120630
144756
168882
193008
217134
241260
0
24126
48252
72378
96504
120630
144756
168882
193008
217134
241260
0
24126
48252
72378
96504
120630
144756
168882
193008
217134
241260
0
24126
48252
72378
96504
120630
144756
168882
193008
217134
241260
0
24126
48252
72378
96504
120630
144756
168882
193008
217134
241260
0
24126
48252
72378
96504
120630
144756
168882
193008
217134
241260
0
24126
48252
72378
96504
120630
144756
168882
193008
217134
241260
0
24126
48252
72378
96504
120630
144756
168882
193008
217134
241260
0
24126
48252
72378
96504
120630
144756
168882
193008
217134
241260
0
24126
48252
72378
96504
120630
144756
168882
193008
217134
241260
0
24126
48252
72378
96504
120630
144756
168882
193008
217134
241260
0
24126
48252
72378
96504
120630
144756
168882
193008
217134
241260
0
24126
48252
72378
96504
120630
144756
168882
193008
217134
241260
0
24126
48252
72378
96504
120630
144756
168882
193008
217134
241260
0
24126
48252
72378
96504
120630
144756
168882
193008
217134
241260
0
24126
48252
72378
96504
120630
144756
168882
193008
217134
241260
0
24126
48252
72378
96504
120630
144756
168882
193008
217134
241260
0
24126
48252
72378
96504
120630
144756
168882
193008
217134
241260
0
24126
48252
72378
96504
120630
144756
168882
193008
217134
241260
0
24126
48252
72378
96504
120630
144756
168882
193008
217134
241260
0
24126
48252
72378
96504
120630
144756
168882
193008
217134
241260
0
24126
48252
72378
96504
120630
144756
168882
193008
217134
241260
0
24126
48252
72378
96504
120630
144756
168882
193008
217134
241260
0
24126
48252
72378
96504
120630
144756
168882
193008
217134
241260
0
24126
48252
72378
96504
120630
144756
168882
193008
217134
241260
0
24126
48252
72378
96504
120630
144756
168882
193008
217134
241260
0
24126
48252
72378
96504
120630
144756
168882
193008
217134
241260
0
24126
48252
72378
96504
120630
144756
168882
193008
217134
241260
0
24126
48252
72378
96504
120630
144756
168882
193008
217134
241260
0
24126
48252
72378
96504
120630
144756
168882
193008
217134
241260
0
24126
48252
72378
96504
120630
144756
168882
193008
217134
241260
0
24126
48252
72378
96504
120630
144756
168882
193008
217134
241260
0
24126
48252
72378
96504
120630
144756
168882
193008
217134
241260
0
24126
48252
72378
96504
120630
144756
168882
193008
217134
241260
0
24126
48252
72378
96504
120630
144756
168882
193008
217134
241260
