Processing year 2006, season JAS
Reading data
shape of land mask
(492, 499)
Number of elements in W triangular:
5026035.0
Length of the parallelised arrays of w:
(157064,)
Computing the similarity matrix with the parallel loop
0
15706
31412
47118
62824
78530
94236
109942
125648
141354
157060
0
15706
31412
47118
62824
78530
94236
109942
125648
141354
157060
Number of elements in W triangular:
5026035.0
Length of the parallelised arrays of w:
(167535,)
Computing the similarity matrix with the parallel loop
0
15706
31412
47118
62824
78530
94236
109942
125648
141354
157060
0
16753
33506
50259
67012
83765
100518
117271
134024
150777
167530
0
15706
31412
47118
62824
78530
94236
109942
125648
141354
157060
0
16753
33506
50259
67012
83765
100518
117271
134024
150777
167530
0
15706
31412
47118
62824
78530
94236
109942
125648
141354
157060
0
16753
33506
50259
67012
83765
100518
117271
134024
150777
167530
0
15706
31412
47118
62824
78530
94236
109942
125648
141354
157060
0
16753
33506
50259
67012
83765
100518
117271
134024
150777
167530
0
15706
31412
47118
62824
78530
94236
109942
125648
141354
157060
0
16753
33506
50259
67012
83765
100518
117271
134024
150777
167530
0
15706
31412
47118
62824
78530
94236
109942
125648
141354
157060
0
16753
33506
50259
67012
83765
100518
117271
134024
150777
167530
0
15706
31412
47118
62824
78530
94236
109942
125648
141354
157060
0
16753
33506
50259
67012
83765
100518
117271
134024
150777
167530
0
15706
31412
47118
62824
78530
94236
109942
125648
141354
157060
0
16753
33506
50259
67012
83765
100518
117271
134024
150777
167530
0
15706
31412
47118
62824
78530
94236
109942
125648
141354
157060
0
16753
33506
50259
67012
83765
100518
117271
134024
150777
167530
0
15706
31412
47118
62824
78530
94236
109942
125648
141354
157060
0
16753
33506
50259
67012
83765
100518
117271
134024
150777
167530
0
15706
31412
47118
62824
78530
94236
109942
125648
141354
157060
0
16753
33506
50259
67012
83765
100518
117271
134024
150777
167530
0
15706
31412
47118
62824
78530
94236
109942
125648
141354
157060
0
16753
33506
50259
67012
83765
100518
117271
134024
150777
167530
0
15706
31412
47118
62824
78530
94236
109942
125648
141354
157060
0
16753
33506
50259
67012
83765
100518
117271
134024
150777
167530
0
15706
31412
47118
62824
78530
94236
109942
125648
141354
157060
0
16753
33506
50259
67012
83765
100518
117271
134024
150777
167530
0
15706
31412
47118
62824
78530
94236
109942
125648
141354
157060
0
16753
33506
50259
67012
83765
100518
117271
134024
150777
167530
0
15706
31412
47118
62824
78530
94236
109942
125648
141354
157060
0
16753
33506
50259
67012
83765
100518
117271
134024
150777
167530
0
15706
31412
47118
62824
78530
94236
109942
125648
141354
157060
0
16753
33506
50259
67012
83765
100518
117271
134024
150777
167530
0
15706
31412
47118
62824
78530
94236
109942
125648
141354
157060
0
16753
33506
50259
67012
83765
100518
117271
134024
150777
167530
0
15706
31412
47118
62824
78530
94236
109942
125648
141354
157060
0
16753
33506
50259
67012
83765
100518
117271
134024
150777
167530
0
15706
31412
47118
62824
78530
94236
109942
125648
141354
157060
0
16753
33506
50259
67012
83765
100518
117271
134024
150777
167530
0
15706
31412
47118
62824
78530
94236
109942
125648
141354
157060
0
16753
33506
50259
67012
83765
100518
117271
134024
150777
167530
0
15706
31412
47118
62824
78530
94236
109942
125648
141354
157060
0
16753
33506
50259
67012
83765
100518
117271
134024
150777
167530
0
15706
31412
47118
62824
78530
94236
109942
125648
141354
157060
0
16753
33506
50259
67012
83765
100518
117271
134024
150777
167530
0
15706
31412
47118
62824
78530
94236
109942
125648
141354
157060
0
16753
33506
50259
67012
83765
100518
117271
134024
150777
167530
0
15706
31412
47118
62824
78530
94236
109942
125648
141354
157060
0
16753
33506
50259
67012
83765
100518
117271
134024
150777
167530
0
15706
31412
47118
62824
78530
94236
109942
125648
141354
157060
0
16753
33506
50259
67012
83765
100518
117271
134024
150777
167530
0
15706
31412
47118
62824
78530
94236
109942
125648
141354
157060
0
16753
33506
50259
67012
83765
100518
117271
134024
150777
167530
0
15706
31412
47118
62824
78530
94236
109942
125648
141354
157060
0
16753
33506
50259
67012
83765
100518
117271
134024
150777
167530
0
15706
31412
47118
62824
78530
94236
109942
125648
141354
157060
0
16753
33506
50259
67012
83765
100518
117271
134024
150777
167530
0
15706
31412
47118
62824
78530
94236
109942
125648
141354
157060
0
16753
33506
50259
67012
83765
100518
117271
134024
150777
167530
