Processing year 2006, season OND
Reading data
shape of land mask
(492, 499)
Number of elements in W triangular:
1941435.0
Length of the parallelised arrays of w:
(60670,)
Computing the similarity matrix with the parallel loop
0
6066
12132
18198
24264
30330
36396
42462
48528
54594
60660
0
6067
12134
18201
24268
30335
36402
42469
48536
54603
Number of elements in W triangular:
1941435.0
Length of the parallelised arrays of w:
(64715,)
Computing the similarity matrix with the parallel loop
0
6067
12134
18201
24268
30335
36402
42469
48536
54603
0
6471
12942
19413
25884
32355
38826
45297
51768
58239
64710
0
6067
12134
18201
24268
30335
36402
42469
48536
54603
0
6471
12942
19413
25884
32355
38826
45297
51768
58239
64710
0
6067
12134
18201
24268
30335
36402
42469
48536
54603
0
6471
12942
19413
25884
32355
38826
45297
51768
58239
64710
0
6067
12134
18201
24268
30335
36402
42469
48536
54603
0
6471
12942
19413
25884
32355
38826
45297
51768
58239
64710
0
6067
12134
18201
24268
30335
36402
42469
48536
54603
0
6471
12942
19413
25884
32355
38826
45297
51768
58239
64710
0
6067
12134
18201
24268
30335
36402
42469
48536
54603
0
6471
12942
19413
25884
32355
38826
45297
51768
58239
64710
0
6066
12132
18198
24264
30330
36396
42462
48528
54594
60660
0
6471
12942
19413
25884
32355
38826
45297
51768
58239
64710
0
6067
12134
18201
24268
30335
36402
42469
48536
54603
0
6471
12942
19413
25884
32355
38826
45297
51768
58239
64710
0
6067
12134
18201
24268
30335
36402
42469
48536
54603
0
6471
12942
19413
25884
32355
38826
45297
51768
58239
64710
0
6067
12134
18201
24268
30335
36402
42469
48536
54603
0
6471
12942
19413
25884
32355
38826
45297
51768
58239
64710
0
6066
12132
18198
24264
30330
36396
42462
48528
54594
60660
0
6471
12942
19413
25884
32355
38826
45297
51768
58239
64710
0
6067
12134
18201
24268
30335
36402
42469
48536
54603
0
6471
12942
19413
25884
32355
38826
45297
51768
58239
64710
0
6067
12134
18201
24268
30335
36402
42469
48536
54603
0
6471
12942
19413
25884
32355
38826
45297
51768
58239
64710
0
6067
12134
18201
24268
30335
36402
42469
48536
54603
0
6471
12942
19413
25884
32355
38826
45297
51768
58239
64710
0
6067
12134
18201
24268
30335
36402
42469
48536
54603
0
6471
12942
19413
25884
32355
38826
45297
51768
58239
64710
0
6067
12134
18201
24268
30335
36402
42469
48536
54603
0
6471
12942
19413
25884
32355
38826
45297
51768
58239
64710
0
6067
12134
18201
24268
30335
36402
42469
48536
54603
0
6471
12942
19413
25884
32355
38826
45297
51768
58239
64710
0
6067
12134
18201
24268
30335
36402
42469
48536
54603
0
6471
12942
19413
25884
32355
38826
45297
51768
58239
64710
0
6066
12132
18198
24264
30330
36396
42462
48528
54594
60660
0
6471
12942
19413
25884
32355
38826
45297
51768
58239
64710
0
6067
12134
18201
24268
30335
36402
42469
48536
54603
0
6471
12942
19413
25884
32355
38826
45297
51768
58239
64710
0
6067
12134
18201
24268
30335
36402
42469
48536
54603
0
6471
12942
19413
25884
32355
38826
45297
51768
58239
64710
0
6066
12132
18198
24264
30330
36396
42462
48528
54594
60660
0
6471
12942
19413
25884
32355
38826
45297
51768
58239
64710
0
6067
12134
18201
24268
30335
36402
42469
48536
54603
0
6471
12942
19413
25884
32355
38826
45297
51768
58239
64710
0
6067
12134
18201
24268
30335
36402
42469
48536
54603
0
6471
12942
19413
25884
32355
38826
45297
51768
58239
64710
0
6067
12134
18201
24268
30335
36402
42469
48536
54603
0
6471
12942
19413
25884
32355
38826
45297
51768
58239
64710
0
6067
12134
18201
24268
30335
36402
42469
48536
54603
0
6471
12942
19413
25884
32355
38826
45297
51768
58239
64710
0
6067
12134
18201
24268
30335
36402
42469
48536
54603
0
6471
12942
19413
25884
32355
38826
45297
51768
58239
64710
0
6067
12134
18201
24268
30335
36402
42469
48536
54603
0
6471
12942
19413
25884
32355
38826
45297
51768
58239
64710
0
6067
12134
18201
24268
30335
36402
42469
48536
54603
0
6471
12942
19413
25884
32355
38826
45297
51768
58239
64710
0
6067
12134
18201
24268
30335
36402
42469
48536
54603
0
6471
12942
19413
25884
32355
38826
45297
51768
58239
64710
