Processing year 2010, season JFM
Reading data
shape of land mask
(492, 499)
Number of elements in W triangular:
6655776.0
Length of the parallelised arrays of w:
(207993,)
Computing the similarity matrix with the parallel loop
0
20799
41598
62397
83196
103995
124794
145593
166392
187191
207990
0
20799
41598
62397
83196
103995
124794
145593
166392
187191
207990
Number of elements in W triangular:
6655776.0
Length of the parallelised arrays of w:
(221860,)
Computing the similarity matrix with the parallel loop
0
20799
41598
62397
83196
103995
124794
145593
166392
187191
207990
0
22185
44370
66555
88740
110925
133110
155295
177480
199665
221850
0
20799
41598
62397
83196
103995
124794
145593
166392
187191
207990
0
22185
44370
66555
88740
110925
133110
155295
177480
199665
221850
0
20799
41598
62397
83196
103995
124794
145593
166392
187191
207990
0
22186
44372
66558
88744
110930
133116
155302
177488
199674
0
20799
41598
62397
83196
103995
124794
145593
166392
187191
207990
0
22185
44370
66555
88740
110925
133110
155295
177480
199665
221850
0
20799
41598
62397
83196
103995
124794
145593
166392
187191
207990
0
22186
44372
66558
88744
110930
133116
155302
177488
199674
0
20799
41598
62397
83196
103995
124794
145593
166392
187191
207990
0
22185
44370
66555
88740
110925
133110
155295
177480
199665
221850
0
20799
41598
62397
83196
103995
124794
145593
166392
187191
207990
0
22185
44370
66555
88740
110925
133110
155295
177480
199665
221850
0
20799
41598
62397
83196
103995
124794
145593
166392
187191
207990
0
22186
44372
66558
88744
110930
133116
155302
177488
199674
0
20799
41598
62397
83196
103995
124794
145593
166392
187191
207990
0
22185
44370
66555
88740
110925
133110
155295
177480
199665
221850
0
20799
41598
62397
83196
103995
124794
145593
166392
187191
207990
0
22186
44372
66558
88744
110930
133116
155302
177488
199674
0
20799
41598
62397
83196
103995
124794
145593
166392
187191
207990
0
22185
44370
66555
88740
110925
133110
155295
177480
199665
221850
0
20799
41598
62397
83196
103995
124794
145593
166392
187191
207990
0
22185
44370
66555
88740
110925
133110
155295
177480
199665
221850
0
20799
41598
62397
83196
103995
124794
145593
166392
187191
207990
0
22186
44372
66558
88744
110930
133116
155302
177488
199674
0
20799
41598
62397
83196
103995
124794
145593
166392
187191
207990
0
22185
44370
66555
88740
110925
133110
155295
177480
199665
221850
0
20799
41598
62397
83196
103995
124794
145593
166392
187191
207990
0
22185
44370
66555
88740
110925
133110
155295
177480
199665
221850
0
20799
41598
62397
83196
103995
124794
145593
166392
187191
207990
0
22185
44370
66555
88740
110925
133110
155295
177480
199665
221850
0
20799
41598
62397
83196
103995
124794
145593
166392
187191
207990
0
22185
44370
66555
88740
110925
133110
155295
177480
199665
221850
0
20799
41598
62397
83196
103995
124794
145593
166392
187191
207990
0
22185
44370
66555
88740
110925
133110
155295
177480
199665
221850
0
20799
41598
62397
83196
103995
124794
145593
166392
187191
207990
0
22186
44372
66558
88744
110930
133116
155302
177488
199674
0
20799
41598
62397
83196
103995
124794
145593
166392
187191
207990
0
22185
44370
66555
88740
110925
133110
155295
177480
199665
221850
0
20799
41598
62397
83196
103995
124794
145593
166392
187191
207990
0
22185
44370
66555
88740
110925
133110
155295
177480
199665
221850
0
20799
41598
62397
83196
103995
124794
145593
166392
187191
207990
0
22185
44370
66555
88740
110925
133110
155295
177480
199665
221850
0
20799
41598
62397
83196
103995
124794
145593
166392
187191
207990
0
22185
44370
66555
88740
110925
133110
155295
177480
199665
221850
0
20799
41598
62397
83196
103995
124794
145593
166392
187191
207990
0
22185
44370
66555
88740
110925
133110
155295
177480
199665
221850
0
20799
41598
62397
83196
103995
124794
145593
166392
187191
207990
0
22185
44370
66555
88740
110925
133110
155295
177480
199665
221850
0
20799
41598
62397
83196
103995
124794
145593
166392
187191
207990
0
22185
44370
66555
88740
110925
133110
155295
177480
199665
221850
0
20799
41598
62397
83196
103995
124794
145593
166392
187191
207990
0
22185
44370
66555
88740
110925
133110
155295
177480
199665
221850
0
20799
41598
62397
83196
103995
124794
145593
166392
187191
207990
0
22185
44370
66555
88740
110925
133110
155295
177480
199665
221850
0
20799
41598
62397
83196
103995
124794
145593
166392
187191
207990
0
22185
44370
66555
88740
110925
133110
155295
177480
199665
221850
0
20799
41598
62397
83196
103995
124794
145593
166392
187191
207990
0
22185
44370
66555
88740
110925
133110
155295
177480
199665
221850
