Processing year 2004, season AMJ
Reading data
Number of elements in W triangular:
7634278.0
Length of the parallelised arrays of w:
(238572,)
Computing distances between initial conditions
Computing distances between final conditions
0
23857
47714
71571
95428
119285
143142
166999
190856
214713
238570
0
23857
47714
71571
95428
119285
143142
166999
190856
214713
238570
0
23857
47714
71571
95428
119285
143142
166999
190856
214713
238570
0
23857
47714
71571
95428
119285
143142
166999
190856
214713
238570
0
23857
47714
71571
95428
119285
143142
166999
190856
214713
238570
0
23857
47714
71571
95428
119285
143142
166999
190856
214713
238570
0
23857
47714
71571
95428
119285
143142
166999
190856
214713
238570
0
23857
47714
71571
95428
119285
143142
166999
190856
214713
238570
0
23857
47714
71571
95428
119285
143142
166999
190856
214713
238570
0
23857
47714
71571
95428
119285
143142
166999
190856
214713
238570
0
23857
47714
71571
95428
119285
143142
166999
190856
214713
238570
0
23857
47714
71571
95428
119285
143142
166999
190856
214713
238570
0
23857
47714
71571
95428
119285
143142
166999
190856
214713
238570
0
23857
47714
71571
95428
119285
143142
166999
190856
214713
238570
0
23857
47714
71571
95428
119285
143142
166999
190856
214713
238570
0
23857
47714
71571
95428
119285
143142
166999
190856
214713
238570
0
23857
47714
71571
95428
119285
143142
166999
190856
214713
238570
0
23857
47714
71571
95428
119285
143142
166999
190856
214713
238570
0
23857
47714
71571
95428
119285
143142
166999
190856
214713
238570
0
23857
47714
71571
95428
119285
143142
166999
190856
214713
238570
0
23857
47714
71571
95428
119285
143142
166999
190856
214713
238570
0
23857
47714
71571
95428
119285
143142
166999
190856
214713
238570
0
23857
47714
71571
95428
119285
143142
166999
190856
214713
238570
0
23857
47714
71571
95428
119285
143142
166999
190856
214713
238570
0
23857
47714
71571
95428
119285
143142
166999
190856
214713
238570
0
23857
47714
71571
95428
119285
143142
166999
190856
214713
238570
0
23857
47714
71571
95428
119285
143142
166999
190856
214713
238570
0
23857
47714
71571
95428
119285
143142
166999
190856
214713
238570
0
23857
47714
71571
95428
119285
143142
166999
190856
214713
238570
0
23857
47714
71571
95428
119285
143142
166999
190856
214713
238570
0
23857
47714
71571
95428
119285
143142
166999
190856
214713
238570
0
23857
47714
71571
95428
119285
143142
166999
190856
214713
238570
0
23857
47714
71571
95428
119285
143142
166999
190856
214713
238570
0
23857
47714
71571
95428
119285
143142
166999
190856
214713
238570
0
23857
47714
71571
95428
119285
143142
166999
190856
214713
238570
0
23857
47714
71571
95428
119285
143142
166999
190856
214713
238570
0
23857
47714
71571
95428
119285
143142
166999
190856
214713
238570
0
23857
47714
71571
95428
119285
143142
166999
190856
214713
238570
0
23857
47714
71571
95428
119285
143142
166999
190856
214713
238570
0
23857
47714
71571
95428
119285
143142
166999
190856
214713
238570
0
23857
47714
71571
95428
119285
143142
166999
190856
214713
238570
0
23857
47714
71571
95428
119285
143142
166999
190856
214713
238570
0
23857
47714
71571
95428
119285
143142
166999
190856
214713
238570
0
23857
47714
71571
95428
119285
143142
166999
190856
214713
238570
0
23857
47714
71571
95428
119285
143142
166999
190856
214713
238570
0
23857
47714
71571
95428
119285
143142
166999
190856
214713
238570
0
23857
47714
71571
95428
119285
143142
166999
190856
214713
238570
0
23857
47714
71571
95428
119285
143142
166999
190856
214713
238570
0
23857
47714
71571
95428
119285
143142
166999
190856
214713
238570
0
23857
47714
71571
95428
119285
143142
166999
190856
214713
238570
0
23857
47714
71571
95428
119285
143142
166999
190856
214713
238570
0
23857
47714
71571
95428
119285
143142
166999
190856
214713
238570
0
23857
47714
71571
95428
119285
143142
166999
190856
214713
238570
0
23857
47714
71571
95428
119285
143142
166999
190856
214713
238570
0
23857
47714
71571
95428
119285
143142
166999
190856
214713
238570
0
23857
47714
71571
95428
119285
143142
166999
190856
214713
238570
0
23857
47714
71571
95428
119285
143142
166999
190856
214713
238570
0
23857
47714
71571
95428
119285
143142
166999
190856
214713
238570
0
23857
47714
71571
95428
119285
143142
166999
190856
214713
238570
0
23857
47714
71571
95428
119285
143142
166999
190856
214713
238570
0
23857
47714
71571
95428
119285
143142
166999
190856
214713
238570
0
23857
47714
71571
95428
119285
143142
166999
190856
214713
238570
0
23857
47714
71571
95428
119285
143142
166999
190856
214713
238570
0
23857
47714
71571
95428
119285
143142
166999
190856
214713
238570
