Processing year 2007, season JFM
Reading data
shape of land mask
(492, 499)
Number of elements in W triangular:
6463810.0
Length of the parallelised arrays of w:
(201995,)
Computing the similarity matrix with the parallel loop
0
20199
40398
60597
80796
100995
121194
141393
161592
181791
201990
0
20199
40398
60597
80796
100995
121194
141393
161592
181791
201990
Number of elements in W triangular:
6463810.0
Length of the parallelised arrays of w:
(215461,)
Computing the similarity matrix with the parallel loop
0
20199
40398
60597
80796
100995
121194
141393
161592
181791
201990
0
21546
43092
64638
86184
107730
129276
150822
172368
193914
0
20199
40398
60597
80796
100995
121194
141393
161592
181791
201990
0
21546
43092
64638
86184
107730
129276
150822
172368
193914
0
20199
40398
60597
80796
100995
121194
141393
161592
181791
201990
0
21546
43092
64638
86184
107730
129276
150822
172368
193914
215460
0
20199
40398
60597
80796
100995
121194
141393
161592
181791
201990
0
21546
43092
64638
86184
107730
129276
150822
172368
193914
0
20199
40398
60597
80796
100995
121194
141393
161592
181791
201990
0
21546
43092
64638
86184
107730
129276
150822
172368
193914
215460
0
20199
40398
60597
80796
100995
121194
141393
161592
181791
201990
0
21546
43092
64638
86184
107730
129276
150822
172368
193914
0
20199
40398
60597
80796
100995
121194
141393
161592
181791
201990
0
21546
43092
64638
86184
107730
129276
150822
172368
193914
215460
0
20199
40398
60597
80796
100995
121194
141393
161592
181791
201990
0
21546
43092
64638
86184
107730
129276
150822
172368
193914
215460
0
20199
40398
60597
80796
100995
121194
141393
161592
181791
201990
0
21546
43092
64638
86184
107730
129276
150822
172368
193914
215460
0
20199
40398
60597
80796
100995
121194
141393
161592
181791
201990
0
21546
43092
64638
86184
107730
129276
150822
172368
193914
0
20199
40398
60597
80796
100995
121194
141393
161592
181791
201990
0
21546
43092
64638
86184
107730
129276
150822
172368
193914
215460
0
20199
40398
60597
80796
100995
121194
141393
161592
181791
201990
0
21546
43092
64638
86184
107730
129276
150822
172368
193914
0
20199
40398
60597
80796
100995
121194
141393
161592
181791
201990
0
21546
43092
64638
86184
107730
129276
150822
172368
193914
215460
0
20199
40398
60597
80796
100995
121194
141393
161592
181791
201990
0
21546
43092
64638
86184
107730
129276
150822
172368
193914
0
20199
40398
60597
80796
100995
121194
141393
161592
181791
201990
0
21546
43092
64638
86184
107730
129276
150822
172368
193914
215460
0
20199
40398
60597
80796
100995
121194
141393
161592
181791
201990
0
21546
43092
64638
86184
107730
129276
150822
172368
193914
215460
0
20199
40398
60597
80796
100995
121194
141393
161592
181791
201990
0
21546
43092
64638
86184
107730
129276
150822
172368
193914
0
20199
40398
60597
80796
100995
121194
141393
161592
181791
201990
0
21546
43092
64638
86184
107730
129276
150822
172368
193914
0
20199
40398
60597
80796
100995
121194
141393
161592
181791
201990
0
21546
43092
64638
86184
107730
129276
150822
172368
193914
0
20199
40398
60597
80796
100995
121194
141393
161592
181791
201990
0
21546
43092
64638
86184
107730
129276
150822
172368
193914
0
20199
40398
60597
80796
100995
121194
141393
161592
181791
201990
0
21546
43092
64638
86184
107730
129276
150822
172368
193914
0
20199
40398
60597
80796
100995
121194
141393
161592
181791
201990
0
21546
43092
64638
86184
107730
129276
150822
172368
193914
0
20199
40398
60597
80796
100995
121194
141393
161592
181791
201990
0
21546
43092
64638
86184
107730
129276
150822
172368
193914
0
20199
40398
60597
80796
100995
121194
141393
161592
181791
201990
0
21546
43092
64638
86184
107730
129276
150822
172368
193914
0
20199
40398
60597
80796
100995
121194
141393
161592
181791
201990
0
21546
43092
64638
86184
107730
129276
150822
172368
193914
0
20199
40398
60597
80796
100995
121194
141393
161592
181791
201990
0
21546
43092
64638
86184
107730
129276
150822
172368
193914
215460
0
20199
40398
60597
80796
100995
121194
141393
161592
181791
201990
0
21546
43092
64638
86184
107730
129276
150822
172368
193914
0
20199
40398
60597
80796
100995
121194
141393
161592
181791
201990
0
21546
43092
64638
86184
107730
129276
150822
172368
193914
0
20199
40398
60597
80796
100995
121194
141393
161592
181791
201990
0
21546
43092
64638
86184
107730
129276
150822
172368
193914
0
20199
40398
60597
80796
100995
121194
141393
161592
181791
201990
0
21546
43092
64638
86184
107730
129276
150822
172368
193914
