Processing year 2007, season OND
Reading data
shape of land mask
(492, 499)
Number of elements in W triangular:
1237951.0
Length of the parallelised arrays of w:
(38686,)
Computing the similarity matrix with the parallel loop
0
3868
7736
11604
15472
19340
23208
27076
30944
34812
38680
0
3868
7736
11604
15472
19340
23208
27076
30944
34812
38680
Number of elements in W triangular:
1237951.0
Length of the parallelised arrays of w:
(41266,)
Computing the similarity matrix with the parallel loop
0
3868
7736
11604
15472
19340
23208
27076
30944
34812
38680
0
4126
8252
12378
16504
20630
24756
28882
33008
37134
41260
0
3868
7736
11604
15472
19340
23208
27076
30944
34812
38680
0
4126
8252
12378
16504
20630
24756
28882
33008
37134
41260
0
3868
7736
11604
15472
19340
23208
27076
30944
34812
38680
0
4126
8252
12378
16504
20630
24756
28882
33008
37134
41260
0
3868
7736
11604
15472
19340
23208
27076
30944
34812
38680
0
4126
8252
12378
16504
20630
24756
28882
33008
37134
41260
0
3868
7736
11604
15472
19340
23208
27076
30944
34812
38680
0
4126
8252
12378
16504
20630
24756
28882
33008
37134
41260
0
3868
7736
11604
15472
19340
23208
27076
30944
34812
38680
0
4126
8252
12378
16504
20630
24756
28882
33008
37134
41260
0
3868
7736
11604
15472
19340
23208
27076
30944
34812
38680
0
4126
8252
12378
16504
20630
24756
28882
33008
37134
41260
0
3868
7736
11604
15472
19340
23208
27076
30944
34812
38680
0
4126
8252
12378
16504
20630
24756
28882
33008
37134
41260
0
3868
7736
11604
15472
19340
23208
27076
30944
34812
38680
0
4126
8252
12378
16504
20630
24756
28882
33008
37134
41260
0
3868
7736
11604
15472
19340
23208
27076
30944
34812
38680
0
4126
8252
12378
16504
20630
24756
28882
33008
37134
41260
0
3868
7736
11604
15472
19340
23208
27076
30944
34812
38680
0
4126
8252
12378
16504
20630
24756
28882
33008
37134
41260
0
3868
7736
11604
15472
19340
23208
27076
30944
34812
38680
0
4126
8252
12378
16504
20630
24756
28882
33008
37134
41260
0
3868
7736
11604
15472
19340
23208
27076
30944
34812
38680
0
4126
8252
12378
16504
20630
24756
28882
33008
37134
41260
0
3868
7736
11604
15472
19340
23208
27076
30944
34812
38680
0
4126
8252
12378
16504
20630
24756
28882
33008
37134
41260
0
3868
7736
11604
15472
19340
23208
27076
30944
34812
38680
0
4126
8252
12378
16504
20630
24756
28882
33008
37134
41260
0
3868
7736
11604
15472
19340
23208
27076
30944
34812
38680
0
4126
8252
12378
16504
20630
24756
28882
33008
37134
41260
0
3868
7736
11604
15472
19340
23208
27076
30944
34812
38680
0
4126
8252
12378
16504
20630
24756
28882
33008
37134
41260
0
3868
7736
11604
15472
19340
23208
27076
30944
34812
38680
0
4126
8252
12378
16504
20630
24756
28882
33008
37134
41260
0
3868
7736
11604
15472
19340
23208
27076
30944
34812
38680
0
4126
8252
12378
16504
20630
24756
28882
33008
37134
41260
0
3868
7736
11604
15472
19340
23208
27076
30944
34812
38680
0
4126
8252
12378
16504
20630
24756
28882
33008
37134
41260
0
3868
7736
11604
15472
19340
23208
27076
30944
34812
38680
0
4126
8252
12378
16504
20630
24756
28882
33008
37134
41260
0
3868
7736
11604
15472
19340
23208
27076
30944
34812
38680
0
4126
8252
12378
16504
20630
24756
28882
33008
37134
41260
0
3868
7736
11604
15472
19340
23208
27076
30944
34812
38680
0
4126
8252
12378
16504
20630
24756
28882
33008
37134
41260
0
3868
7736
11604
15472
19340
23208
27076
30944
34812
38680
0
4126
8252
12378
16504
20630
24756
28882
33008
37134
41260
0
3868
7736
11604
15472
19340
23208
27076
30944
34812
38680
0
4126
8252
12378
16504
20630
24756
28882
33008
37134
41260
0
3868
7736
11604
15472
19340
23208
27076
30944
34812
38680
0
4126
8252
12378
16504
20630
24756
28882
33008
37134
41260
0
3868
7736
11604
15472
19340
23208
27076
30944
34812
38680
0
4126
8252
12378
16504
20630
24756
28882
33008
37134
41260
0
3868
7736
11604
15472
19340
23208
27076
30944
34812
38680
0
4126
8252
12378
16504
20630
24756
28882
33008
37134
41260
0
3868
7736
11604
15472
19340
23208
27076
30944
34812
38680
0
4126
8252
12378
16504
20630
24756
28882
33008
37134
41260
0
3868
7736
11604
15472
19340
23208
27076
30944
34812
38680
0
4126
8252
12378
16504
20630
24756
28882
33008
37134
41260
