Processing year 2010, season OND
Reading data
shape of land mask
(492, 499)
Number of elements in W triangular:
1725153.0
Length of the parallelised arrays of w:
(53912,)
Computing the similarity matrix with the parallel loop
0
5391
10782
16173
21564
26955
32346
37737
43128
48519
53910
0
5391
10782
16173
21564
26955
32346
37737
43128
48519
53910
Number of elements in W triangular:
1725153.0
Length of the parallelised arrays of w:
(57506,)
Computing the similarity matrix with the parallel loop
0
5391
10782
16173
21564
26955
32346
37737
43128
48519
53910
0
5750
11500
17250
23000
28750
34500
40250
46000
51750
57500
0
5391
10782
16173
21564
26955
32346
37737
43128
48519
53910
0
5750
11500
17250
23000
28750
34500
40250
46000
51750
57500
0
5391
10782
16173
21564
26955
32346
37737
43128
48519
53910
0
5750
11500
17250
23000
28750
34500
40250
46000
51750
57500
0
5391
10782
16173
21564
26955
32346
37737
43128
48519
53910
0
5750
11500
17250
23000
28750
34500
40250
46000
51750
57500
0
5391
10782
16173
21564
26955
32346
37737
43128
48519
53910
0
5750
11500
17250
23000
28750
34500
40250
46000
51750
57500
0
5391
10782
16173
21564
26955
32346
37737
43128
48519
53910
0
5750
11500
17250
23000
28750
34500
40250
46000
51750
57500
0
5391
10782
16173
21564
26955
32346
37737
43128
48519
53910
0
5750
11500
17250
23000
28750
34500
40250
46000
51750
57500
0
5391
10782
16173
21564
26955
32346
37737
43128
48519
53910
0
5750
11500
17250
23000
28750
34500
40250
46000
51750
57500
0
5391
10782
16173
21564
26955
32346
37737
43128
48519
53910
0
5750
11500
17250
23000
28750
34500
40250
46000
51750
57500
0
5391
10782
16173
21564
26955
32346
37737
43128
48519
53910
0
5750
11500
17250
23000
28750
34500
40250
46000
51750
57500
0
5391
10782
16173
21564
26955
32346
37737
43128
48519
53910
0
5750
11500
17250
23000
28750
34500
40250
46000
51750
57500
0
5391
10782
16173
21564
26955
32346
37737
43128
48519
53910
0
5750
11500
17250
23000
28750
34500
40250
46000
51750
57500
0
5391
10782
16173
21564
26955
32346
37737
43128
48519
53910
0
5750
11500
17250
23000
28750
34500
40250
46000
51750
57500
0
5391
10782
16173
21564
26955
32346
37737
43128
48519
53910
0
5750
11500
17250
23000
28750
34500
40250
46000
51750
57500
0
5391
10782
16173
21564
26955
32346
37737
43128
48519
53910
0
5750
11500
17250
23000
28750
34500
40250
46000
51750
57500
0
5391
10782
16173
21564
26955
32346
37737
43128
48519
53910
0
5750
11500
17250
23000
28750
34500
40250
46000
51750
57500
0
5391
10782
16173
21564
26955
32346
37737
43128
48519
53910
0
5750
11500
17250
23000
28750
34500
40250
46000
51750
57500
0
5391
10782
16173
21564
26955
32346
37737
43128
48519
53910
0
5750
11500
17250
23000
28750
34500
40250
46000
51750
57500
0
5391
10782
16173
21564
26955
32346
37737
43128
48519
53910
0
5750
11500
17250
23000
28750
34500
40250
46000
51750
57500
0
5391
10782
16173
21564
26955
32346
37737
43128
48519
53910
0
5750
11500
17250
23000
28750
34500
40250
46000
51750
57500
0
5391
10782
16173
21564
26955
32346
37737
43128
48519
53910
0
5750
11500
17250
23000
28750
34500
40250
46000
51750
57500
0
5391
10782
16173
21564
26955
32346
37737
43128
48519
53910
0
5750
11500
17250
23000
28750
34500
40250
46000
51750
57500
0
5391
10782
16173
21564
26955
32346
37737
43128
48519
53910
0
5750
11500
17250
23000
28750
34500
40250
46000
51750
57500
0
5391
10782
16173
21564
26955
32346
37737
43128
48519
53910
0
5750
11500
17250
23000
28750
34500
40250
46000
51750
57500
0
5391
10782
16173
21564
26955
32346
37737
43128
48519
53910
0
5750
11500
17250
23000
28750
34500
40250
46000
51750
57500
0
5391
10782
16173
21564
26955
32346
37737
43128
48519
53910
0
5750
11500
17250
23000
28750
34500
40250
46000
51750
57500
0
5391
10782
16173
21564
26955
32346
37737
43128
48519
53910
0
5750
11500
17250
23000
28750
34500
40250
46000
51750
57500
0
5391
10782
16173
21564
26955
32346
37737
43128
48519
53910
0
5750
11500
17250
23000
28750
34500
40250
46000
51750
57500
0
5391
10782
16173
21564
26955
32346
37737
43128
48519
53910
0
5750
11500
17250
23000
28750
34500
40250
46000
51750
57500
0
5391
10782
16173
21564
26955
32346
37737
43128
48519
53910
0
5750
11500
17250
23000
28750
34500
40250
46000
51750
57500
