Processing year 2003, season JAS
Reading data
shape of land mask
(492, 499)
Number of elements in W triangular:
5529475.0
Length of the parallelised arrays of w:
(172797,)
Computing the similarity matrix with the parallel loop
0
17279
34558
51837
69116
86395
103674
120953
138232
155511
172790
0
17279
34558
51837
69116
86395
103674
120953
138232
155511
172790
Number of elements in W triangular:
5529475.0
Length of the parallelised arrays of w:
(184316,)
Computing the similarity matrix with the parallel loop
0
17279
34558
51837
69116
86395
103674
120953
138232
155511
172790
0
18431
36862
55293
73724
92155
110586
129017
147448
165879
184310
0
17279
34558
51837
69116
86395
103674
120953
138232
155511
172790
0
18431
36862
55293
73724
92155
110586
129017
147448
165879
184310
0
17279
34558
51837
69116
86395
103674
120953
138232
155511
172790
0
18431
36862
55293
73724
92155
110586
129017
147448
165879
184310
0
17279
34558
51837
69116
86395
103674
120953
138232
155511
172790
0
18431
36862
55293
73724
92155
110586
129017
147448
165879
184310
0
17279
34558
51837
69116
86395
103674
120953
138232
155511
172790
0
18431
36862
55293
73724
92155
110586
129017
147448
165879
184310
0
17279
34558
51837
69116
86395
103674
120953
138232
155511
172790
0
18431
36862
55293
73724
92155
110586
129017
147448
165879
184310
0
17279
34558
51837
69116
86395
103674
120953
138232
155511
172790
0
18431
36862
55293
73724
92155
110586
129017
147448
165879
184310
0
17279
34558
51837
69116
86395
103674
120953
138232
155511
172790
0
18431
36862
55293
73724
92155
110586
129017
147448
165879
184310
0
17279
34558
51837
69116
86395
103674
120953
138232
155511
172790
0
18431
36862
55293
73724
92155
110586
129017
147448
165879
184310
0
17279
34558
51837
69116
86395
103674
120953
138232
155511
172790
0
18431
36862
55293
73724
92155
110586
129017
147448
165879
184310
0
17279
34558
51837
69116
86395
103674
120953
138232
155511
172790
0
18431
36862
55293
73724
92155
110586
129017
147448
165879
184310
0
17279
34558
51837
69116
86395
103674
120953
138232
155511
172790
0
18431
36862
55293
73724
92155
110586
129017
147448
165879
184310
0
17279
34558
51837
69116
86395
103674
120953
138232
155511
172790
0
18431
36862
55293
73724
92155
110586
129017
147448
165879
184310
0
17279
34558
51837
69116
86395
103674
120953
138232
155511
172790
0
18431
36862
55293
73724
92155
110586
129017
147448
165879
184310
0
17279
34558
51837
69116
86395
103674
120953
138232
155511
172790
0
18431
36862
55293
73724
92155
110586
129017
147448
165879
184310
0
17279
34558
51837
69116
86395
103674
120953
138232
155511
172790
0
18431
36862
55293
73724
92155
110586
129017
147448
165879
184310
0
17279
34558
51837
69116
86395
103674
120953
138232
155511
172790
0
18431
36862
55293
73724
92155
110586
129017
147448
165879
184310
0
17279
34558
51837
69116
86395
103674
120953
138232
155511
172790
0
18431
36862
55293
73724
92155
110586
129017
147448
165879
184310
0
17279
34558
51837
69116
86395
103674
120953
138232
155511
172790
0
18431
36862
55293
73724
92155
110586
129017
147448
165879
184310
0
17279
34558
51837
69116
86395
103674
120953
138232
155511
172790
0
18431
36862
55293
73724
92155
110586
129017
147448
165879
184310
0
17279
34558
51837
69116
86395
103674
120953
138232
155511
172790
0
18431
36862
55293
73724
92155
110586
129017
147448
165879
184310
0
17279
34558
51837
69116
86395
103674
120953
138232
155511
172790
0
18431
36862
55293
73724
92155
110586
129017
147448
165879
184310
0
17279
34558
51837
69116
86395
103674
120953
138232
155511
172790
0
18431
36862
55293
73724
92155
110586
129017
147448
165879
184310
0
17279
34558
51837
69116
86395
103674
120953
138232
155511
172790
0
18431
36862
55293
73724
92155
110586
129017
147448
165879
184310
0
17279
34558
51837
69116
86395
103674
120953
138232
155511
172790
0
18431
36862
55293
73724
92155
110586
129017
147448
165879
184310
0
17279
34558
51837
69116
86395
103674
120953
138232
155511
172790
0
18431
36862
55293
73724
92155
110586
129017
147448
165879
184310
0
17279
34558
51837
69116
86395
103674
120953
138232
155511
172790
0
18431
36862
55293
73724
92155
110586
129017
147448
165879
184310
0
17279
34558
51837
69116
86395
103674
120953
138232
155511
172790
0
18431
36862
55293
73724
92155
110586
129017
147448
165879
184310
0
17279
34558
51837
69116
86395
103674
120953
138232
155511
172790
0
18431
36862
55293
73724
92155
110586
129017
147448
165879
184310
0
17279
34558
51837
69116
86395
103674
120953
138232
155511
172790
0
18431
36862
55293
73724
92155
110586
129017
147448
165879
184310
