Processing year 2009, season OND, tmin 320
Reading data
Number of elements in W triangular:
6267570.0
Length of the parallelised arrays of w:
(195862,)
Computing distances between initial conditions
Computing distances between final conditions
0
19586
39172
58758
78344
97930
117516
137102
156688
176274
195860
0
19586
39172
58758
78344
97930
117516
137102
156688
176274
195860
0
19586
39172
58758
78344
97930
117516
137102
156688
176274
195860
0
19586
39172
58758
78344
97930
117516
137102
156688
176274
195860
0
19586
39172
58758
78344
97930
117516
137102
156688
176274
195860
0
19586
39172
58758
78344
97930
117516
137102
156688
176274
195860
0
19586
39172
58758
78344
97930
117516
137102
156688
176274
195860
0
19586
39172
58758
78344
97930
117516
137102
156688
176274
195860
0
19586
39172
58758
78344
97930
117516
137102
156688
176274
195860
0
19586
39172
58758
78344
97930
117516
137102
156688
176274
195860
0
19586
39172
58758
78344
97930
117516
137102
156688
176274
195860
0
19586
39172
58758
78344
97930
117516
137102
156688
176274
195860
0
19586
39172
58758
78344
97930
117516
137102
156688
176274
195860
0
19586
39172
58758
78344
97930
117516
137102
156688
176274
195860
0
19586
39172
58758
78344
97930
117516
137102
156688
176274
195860
0
19586
39172
58758
78344
97930
117516
137102
156688
176274
195860
0
19586
39172
58758
78344
97930
117516
137102
156688
176274
195860
0
19586
39172
58758
78344
97930
117516
137102
156688
176274
195860
0
19586
39172
58758
78344
97930
117516
137102
156688
176274
195860
0
19586
39172
58758
78344
97930
117516
137102
156688
176274
195860
0
19586
39172
58758
78344
97930
117516
137102
156688
176274
195860
0
19586
39172
58758
78344
97930
117516
137102
156688
176274
195860
0
19586
39172
58758
78344
97930
117516
137102
156688
176274
195860
0
19586
39172
58758
78344
97930
117516
137102
156688
176274
195860
0
19586
39172
58758
78344
97930
117516
137102
156688
176274
195860
0
19586
39172
58758
78344
97930
117516
137102
156688
176274
195860
0
19586
39172
58758
78344
97930
117516
137102
156688
176274
195860
0
19586
39172
58758
78344
97930
117516
137102
156688
176274
195860
0
19586
39172
58758
78344
97930
117516
137102
156688
176274
195860
0
19586
39172
58758
78344
97930
117516
137102
156688
176274
195860
0
19586
39172
58758
78344
97930
117516
137102
156688
176274
195860
0
19586
39172
58758
78344
97930
117516
137102
156688
176274
195860
0
19586
39172
58758
78344
97930
117516
137102
156688
176274
195860
0
19586
39172
58758
78344
97930
117516
137102
156688
176274
195860
0
19586
39172
58758
78344
97930
117516
137102
156688
176274
195860
0
19586
39172
58758
78344
97930
117516
137102
156688
176274
195860
0
19586
39172
58758
78344
97930
117516
137102
156688
176274
195860
0
19586
39172
58758
78344
97930
117516
137102
156688
176274
195860
0
19586
39172
58758
78344
97930
117516
137102
156688
176274
195860
0
19586
39172
58758
78344
97930
117516
137102
156688
176274
195860
0
19586
39172
58758
78344
97930
117516
137102
156688
176274
195860
0
19586
39172
58758
78344
97930
117516
137102
156688
176274
195860
0
19586
39172
58758
78344
97930
117516
137102
156688
176274
195860
0
19586
39172
58758
78344
97930
117516
137102
156688
176274
195860
0
19586
39172
58758
78344
97930
117516
137102
156688
176274
195860
0
19586
39172
58758
78344
97930
117516
137102
156688
176274
195860
0
19586
39172
58758
78344
97930
117516
137102
156688
176274
195860
0
19586
39172
58758
78344
97930
117516
137102
156688
176274
195860
0
19586
39172
58758
78344
97930
117516
137102
156688
176274
195860
0
19586
39172
58758
78344
97930
117516
137102
156688
176274
195860
0
19586
39172
58758
78344
97930
117516
137102
156688
176274
195860
0
19586
39172
58758
78344
97930
117516
137102
156688
176274
195860
0
19586
39172
58758
78344
97930
117516
137102
156688
176274
195860
0
19586
39172
58758
78344
97930
117516
137102
156688
176274
195860
0
19586
39172
58758
78344
97930
117516
137102
156688
176274
195860
0
19586
39172
58758
78344
97930
117516
137102
156688
176274
195860
0
19586
39172
58758
78344
97930
117516
137102
156688
176274
195860
0
19586
39172
58758
78344
97930
117516
137102
156688
176274
195860
0
19586
39172
58758
78344
97930
117516
137102
156688
176274
195860
0
19586
39172
58758
78344
97930
117516
137102
156688
176274
195860
0
19586
39172
58758
78344
97930
117516
137102
156688
176274
195860
0
19586
39172
58758
78344
97930
117516
137102
156688
176274
195860
0
19586
39172
58758
78344
97930
117516
137102
156688
176274
195860
0
19586
39172
58758
78344
97930
117516
137102
156688
176274
195860
