Processing year 2009, season JAS, tmin 320
Reading data
Number of elements in W triangular:
1551441.0
Length of the parallelised arrays of w:
(48483,)
Computing distances between initial conditions
Computing distances between final conditions
0
4848
9696
14544
19392
24240
29088
33936
38784
43632
48480
0
4848
9696
14544
19392
24240
29088
33936
38784
43632
48480
0
4848
9696
14544
19392
24240
29088
33936
38784
43632
48480
0
4848
9696
14544
19392
24240
29088
33936
38784
43632
48480
0
4848
9696
14544
19392
24240
29088
33936
38784
43632
48480
0
4848
9696
14544
19392
24240
29088
33936
38784
43632
48480
0
4848
9696
14544
19392
24240
29088
33936
38784
43632
48480
0
4848
9696
14544
19392
24240
29088
33936
38784
43632
48480
0
4848
9696
14544
19392
24240
29088
33936
38784
43632
48480
0
4848
9696
14544
19392
24240
29088
33936
38784
43632
48480
0
4848
9696
14544
19392
24240
29088
33936
38784
43632
48480
0
4848
9696
14544
19392
24240
29088
33936
38784
43632
48480
0
4848
9696
14544
19392
24240
29088
33936
38784
43632
48480
0
4848
9696
14544
19392
24240
29088
33936
38784
43632
48480
0
4848
9696
14544
19392
24240
29088
33936
38784
43632
48480
0
4848
9696
14544
19392
24240
29088
33936
38784
43632
48480
0
4848
9696
14544
19392
24240
29088
33936
38784
43632
48480
0
4848
9696
14544
19392
24240
29088
33936
38784
43632
48480
0
4848
9696
14544
19392
24240
29088
33936
38784
43632
48480
0
4848
9696
14544
19392
24240
29088
33936
38784
43632
48480
0
4848
9696
14544
19392
24240
29088
33936
38784
43632
48480
0
4848
9696
14544
19392
24240
29088
33936
38784
43632
48480
0
4848
9696
14544
19392
24240
29088
33936
38784
43632
48480
0
4848
9696
14544
19392
24240
29088
33936
38784
43632
48480
0
4848
9696
14544
19392
24240
29088
33936
38784
43632
48480
0
4848
9696
14544
19392
24240
29088
33936
38784
43632
48480
0
4848
9696
14544
19392
24240
29088
33936
38784
43632
48480
0
4848
9696
14544
19392
24240
29088
33936
38784
43632
48480
0
4848
9696
14544
19392
24240
29088
33936
38784
43632
48480
0
4848
9696
14544
19392
24240
29088
33936
38784
43632
48480
0
4848
9696
14544
19392
24240
29088
33936
38784
43632
48480
0
4848
9696
14544
19392
24240
29088
33936
38784
43632
48480
0
4848
9696
14544
19392
24240
29088
33936
38784
43632
48480
0
4848
9696
14544
19392
24240
29088
33936
38784
43632
48480
0
4848
9696
14544
19392
24240
29088
33936
38784
43632
48480
0
4848
9696
14544
19392
24240
29088
33936
38784
43632
48480
0
4848
9696
14544
19392
24240
29088
33936
38784
43632
48480
0
4848
9696
14544
19392
24240
29088
33936
38784
43632
48480
0
4848
9696
14544
19392
24240
29088
33936
38784
43632
48480
0
4848
9696
14544
19392
24240
29088
33936
38784
43632
48480
0
4848
9696
14544
19392
24240
29088
33936
38784
43632
48480
0
4848
9696
14544
19392
24240
29088
33936
38784
43632
48480
0
4848
9696
14544
19392
24240
29088
33936
38784
43632
48480
0
4848
9696
14544
19392
24240
29088
33936
38784
43632
48480
0
4848
9696
14544
19392
24240
29088
33936
38784
43632
48480
0
4848
9696
14544
19392
24240
29088
33936
38784
43632
48480
0
4848
9696
14544
19392
24240
29088
33936
38784
43632
48480
0
4848
9696
14544
19392
24240
29088
33936
38784
43632
48480
0
4848
9696
14544
19392
24240
29088
33936
38784
43632
48480
0
4848
9696
14544
19392
24240
29088
33936
38784
43632
48480
0
4848
9696
14544
19392
24240
29088
33936
38784
43632
48480
0
4848
9696
14544
19392
24240
29088
33936
38784
43632
48480
0
4848
9696
14544
19392
24240
29088
33936
38784
43632
48480
0
4848
9696
14544
19392
24240
29088
33936
38784
43632
48480
0
4848
9696
14544
19392
24240
29088
33936
38784
43632
48480
0
4848
9696
14544
19392
24240
29088
33936
38784
43632
48480
0
4848
9696
14544
19392
24240
29088
33936
38784
43632
48480
0
4848
9696
14544
19392
24240
29088
33936
38784
43632
48480
0
4848
9696
14544
19392
24240
29088
33936
38784
43632
48480
0
4848
9696
14544
19392
24240
29088
33936
38784
43632
48480
0
4848
9696
14544
19392
24240
29088
33936
38784
43632
48480
0
4848
9696
14544
19392
24240
29088
33936
38784
43632
48480
0
4848
9696
14544
19392
24240
29088
33936
38784
43632
48480
0
4848
9696
14544
19392
24240
29088
33936
38784
43632
48480
