Processing year 2009, season JFM, tmin 320
Reading data
Number of elements in W triangular:
7494256.0
Length of the parallelised arrays of w:
(234196,)
Computing distances between initial conditions
Computing distances between final conditions
0
23419
46838
70257
93676
117095
140514
163933
187352
210771
234190
0
23419
46838
70257
93676
117095
140514
163933
187352
210771
234190
0
23419
46838
70257
93676
117095
140514
163933
187352
210771
234190
0
23419
46838
70257
93676
117095
140514
163933
187352
210771
234190
0
23419
46838
70257
93676
117095
140514
163933
187352
210771
234190
0
23419
46838
70257
93676
117095
140514
163933
187352
210771
234190
0
23419
46838
70257
93676
117095
140514
163933
187352
210771
234190
0
23419
46838
70257
93676
117095
140514
163933
187352
210771
234190
0
23419
46838
70257
93676
117095
140514
163933
187352
210771
234190
0
23419
46838
70257
93676
117095
140514
163933
187352
210771
234190
0
23419
46838
70257
93676
117095
140514
163933
187352
210771
234190
0
23419
46838
70257
93676
117095
140514
163933
187352
210771
234190
0
23419
46838
70257
93676
117095
140514
163933
187352
210771
234190
0
23419
46838
70257
93676
117095
140514
163933
187352
210771
234190
0
23419
46838
70257
93676
117095
140514
163933
187352
210771
234190
0
23419
46838
70257
93676
117095
140514
163933
187352
210771
234190
0
23419
46838
70257
93676
117095
140514
163933
187352
210771
234190
0
23419
46838
70257
93676
117095
140514
163933
187352
210771
234190
0
23419
46838
70257
93676
117095
140514
163933
187352
210771
234190
0
23419
46838
70257
93676
117095
140514
163933
187352
210771
234190
0
23419
46838
70257
93676
117095
140514
163933
187352
210771
234190
0
23419
46838
70257
93676
117095
140514
163933
187352
210771
234190
0
23419
46838
70257
93676
117095
140514
163933
187352
210771
234190
0
23419
46838
70257
93676
117095
140514
163933
187352
210771
234190
0
23419
46838
70257
93676
117095
140514
163933
187352
210771
234190
0
23419
46838
70257
93676
117095
140514
163933
187352
210771
234190
0
23419
46838
70257
93676
117095
140514
163933
187352
210771
234190
0
23419
46838
70257
93676
117095
140514
163933
187352
210771
234190
0
23419
46838
70257
93676
117095
140514
163933
187352
210771
234190
0
23419
46838
70257
93676
117095
140514
163933
187352
210771
234190
0
23419
46838
70257
93676
117095
140514
163933
187352
210771
234190
0
23419
46838
70257
93676
117095
140514
163933
187352
210771
234190
0
23419
46838
70257
93676
117095
140514
163933
187352
210771
234190
0
23419
46838
70257
93676
117095
140514
163933
187352
210771
234190
0
23419
46838
70257
93676
117095
140514
163933
187352
210771
234190
0
23419
46838
70257
93676
117095
140514
163933
187352
210771
234190
0
23419
46838
70257
93676
117095
140514
163933
187352
210771
234190
0
23419
46838
70257
93676
117095
140514
163933
187352
210771
234190
0
23419
46838
70257
93676
117095
140514
163933
187352
210771
234190
0
23419
46838
70257
93676
117095
140514
163933
187352
210771
234190
0
23419
46838
70257
93676
117095
140514
163933
187352
210771
234190
0
23419
46838
70257
93676
117095
140514
163933
187352
210771
234190
0
23419
46838
70257
93676
117095
140514
163933
187352
210771
234190
0
23419
46838
70257
93676
117095
140514
163933
187352
210771
234190
0
23419
46838
70257
93676
117095
140514
163933
187352
210771
234190
0
23419
46838
70257
93676
117095
140514
163933
187352
210771
234190
0
23419
46838
70257
93676
117095
140514
163933
187352
210771
234190
0
23419
46838
70257
93676
117095
140514
163933
187352
210771
234190
0
23419
46838
70257
93676
117095
140514
163933
187352
210771
234190
0
23419
46838
70257
93676
117095
140514
163933
187352
210771
234190
0
23419
46838
70257
93676
117095
140514
163933
187352
210771
234190
0
23419
46838
70257
93676
117095
140514
163933
187352
210771
234190
0
23419
46838
70257
93676
117095
140514
163933
187352
210771
234190
0
23419
46838
70257
93676
117095
140514
163933
187352
210771
234190
0
23419
46838
70257
93676
117095
140514
163933
187352
210771
234190
0
23419
46838
70257
93676
117095
140514
163933
187352
210771
234190
0
23419
46838
70257
93676
117095
140514
163933
187352
210771
234190
0
23419
46838
70257
93676
117095
140514
163933
187352
210771
234190
0
23419
46838
70257
93676
117095
140514
163933
187352
210771
234190
0
23419
46838
70257
93676
117095
140514
163933
187352
210771
234190
0
23419
46838
70257
93676
117095
140514
163933
187352
210771
234190
0
23419
46838
70257
93676
117095
140514
163933
187352
210771
234190
0
23419
46838
70257
93676
117095
140514
163933
187352
210771
234190
0
23419
46838
70257
93676
117095
140514
163933
187352
210771
234190
