Reading data
Computing the eigenvalues
The percentage of spercified elements is 0.24296626847378264
[]
(0,) trajectories have been removed because they were not similar to any other trajectories
Computing first 20 eigenvalues
k_means clustering
The default number of clusters is 4
Applyin0
443034
886068
0
443034
886068
0
443034
886068
0
443034
886068
0
443034
886068
0
443034
886068
0
443034
886068
0
443035
0
443034
886068
0
443034
886068
0
443035
0
443034
886068
0
443034
886068
0
443034
886068
0
443035
0
443035
0
443035
0
443034
886068
0
443035
0
443035
0
443034
886068
0
443034
886068
0
443034
886068
0
443034
886068
0
443034
886068
0
443034
886068
0
443034
886068
0
443034
886068
0
443034
886068
0
443034
886068
0
443034
886068
0
443034
886068
